0.974606	-0.238749	0
0.979087	-0.23438	0
0.983449	-0.229985	0
0.987694	-0.225564	0
0.991823	-0.221119	0
0.995839	-0.216651	0
0.999742	-0.212164	0
1.00353	-0.207657	0
1.00722	-0.203133	0
1.01079	-0.198592	0
1.01426	-0.194036	0
1.01763	-0.189467	0
1.02089	-0.184885	0
1.02405	-0.180291	0
1.02711	-0.175687	0
1.03007	-0.171073	0
1.03294	-0.16645	0
1.03571	-0.161819	0
1.03838	-0.157181	0
1.04096	-0.152536	0
1.04345	-0.147885	0
1.04585	-0.14323	0
1.04816	-0.138569	0
1.05038	-0.133904	0
1.05251	-0.129236	0
1.05455	-0.124564	0
1.05651	-0.11989	0
1.05839	-0.115213	0
1.06018	-0.110534	0
1.06189	-0.105853	0
1.06352	-0.10117	0
1.06507	-0.0964868	0
1.06654	-0.0918022	0
1.06793	-0.0871168	0
1.06924	-0.0824307	0
1.07048	-0.0777441	0
1.07163	-0.0730572	0
1.07271	-0.06837	0
1.07372	-0.0636827	0
1.07465	-0.0589954	0
1.07551	-0.0543082	0
1.07629	-0.049621	0
1.077	-0.0449339	0
1.07763	-0.0402471	0
1.07819	-0.0355604	0
1.07868	-0.0308739	0
1.0791	-0.0261876	0
1.07945	-0.0215014	0
1.07972	-0.0168155	0
1.07992	-0.0121297	0
1.08005	-0.00744413	0
1.08011	-0.00275863	0
1.0801	0.00192678	0
1.08002	0.00661213	0
1.07986	0.0112975	0
1.07964	0.0159828	0
1.07934	0.0206681	0
1.07897	0.0253535	0
1.07853	0.030039	0
1.07802	0.0347245	0
1.07744	0.0394102	0
1.07678	0.044096	0
1.07605	0.0487818	0
1.07525	0.0534678	0
1.07438	0.0581539	0
1.07343	0.06284	0
1.0724	0.0675262	0
1.07131	0.0722123	0
1.07013	0.0768982	0
1.06888	0.081584	0
1.06756	0.0862695	0
1.06615	0.0909546	0
1.06467	0.0956392	0
1.06311	0.100323	0
1.06147	0.105006	0
1.05975	0.109688	0
1.05795	0.114369	0
1.05607	0.119048	0
1.05411	0.123725	0
1.05206	0.1284	0
1.04992	0.133072	0
1.0477	0.137742	0
1.04539	0.142408	0
1.043	0.147071	0
1.04051	0.15173	0
1.03794	0.156383	0
1.03527	0.161032	0
1.03251	0.165674	0
1.02965	0.17031	0
1.0267	0.174938	0
1.02365	0.179559	0
1.02051	0.18417	0
1.01726	0.188772	0
1.01391	0.193362	0
1.01046	0.197941	0
1.0069	0.202507	0
1.00323	0.207059	0
0.999463	0.211596	0
0.995581	0.216116	0
0.991588	0.220618	0
0.987482	0.2251	0
0.983261	0.229561	0
0.978923	0.234	0
0.974467	0.238414	0
0.96989	0.242801	0
0.965192	0.247161	0
0.96037	0.251489	0
0.955422	0.255785	0
0.950347	0.260047	0
0.945143	0.26427	0
0.939808	0.268454	0
0.93434	0.272595	0
0.928738	0.276691	0
0.923	0.280738	0
0.917124	0.284733	0
0.911108	0.288674	0
0.904952	0.292557	0
0.898653	0.296378	0
0.892211	0.300133	0
0.885623	0.30382	0
0.878888	0.307433	0
0.872007	0.310969	0
0.864976	0.314423	0
0.857797	0.317792	0
0.850467	0.321069	0
0.842986	0.324252	0
0.835354	0.327334	0
0.827571	0.330311	0
0.819636	0.333178	0
0.811551	0.335929	0
0.803314	0.33856	0
0.794927	0.341064	0
0.786391	0.343436	0
0.777706	0.345671	0
0.768875	0.347763	0
0.759899	0.349707	0
0.75078	0.351496	0
0.741521	0.353125	0
0.732124	0.354588	0
0.722591	0.35588	0
0.712928	0.356995	0
0.703136	0.357927	0
0.69322	0.358673	0
0.683185	0.359226	0
0.673035	0.359581	0
0.662775	0.359734	0
0.65241	0.35968	0
0.641947	0.359416	0
0.63139	0.358937	0
0.620745	0.35824	0
0.61002	0.357322	0
0.599221	0.35618	0
0.588354	0.354811	0
0.577426	0.353215	0
0.566444	0.351388	0
0.555415	0.349331	0
0.544347	0.347042	0
0.533246	0.344522	0
0.52212	0.341771	0
0.510975	0.33879	0
0.499819	0.335579	0
0.488657	0.332141	0
0.477498	0.328479	0
0.466346	0.324593	0
0.455209	0.320488	0
0.444092	0.316167	0
0.433001	0.311634	0
0.421941	0.306892	0
0.410917	0.301945	0
0.399934	0.2968	0
0.388997	0.291459	0
0.378109	0.285929	0
0.367274	0.280215	0
0.356495	0.274321	0
0.345775	0.268255	0
0.335117	0.26202	0
0.324522	0.255624	0
0.313994	0.249071	0
0.303532	0.242368	0
0.293139	0.235521	0
0.282815	0.228535	0
0.27256	0.221416	0
0.262376	0.214171	0
0.252261	0.206804	0
0.242215	0.199321	0
0.232239	0.191728	0
0.22233	0.184031	0
0.212489	0.176235	0
0.202713	0.168345	0
0.193001	0.160366	0
0.183351	0.152305	0
0.173762	0.144164	0
0.164231	0.135951	0
0.154757	0.127668	0
0.145337	0.119322	0
0.135969	0.110916	0
0.126649	0.102456	0
0.117376	0.0939447	0
0.108147	0.0853873	0
0.0989587	0.076788	0
0.0898086	0.0681507	0
0.0806936	0.0594794	0
0.0716107	0.0507783	0
0.0625571	0.042051	0
0.0535296	0.0333014	0
0.0445252	0.0245332	0
0.0355407	0.0157502	0
0.0265731	0.00695584	0
0.0176193	-0.00184616	0
0.00867609	-0.0106523	0
-0.000259516	-0.0194591	0
-0.00919063	-0.0282631	0
-0.0181203	-0.0370608	0
-0.0270516	-0.0458487	0
-0.0359874	-0.0546235	0
-0.0449308	-0.0633818	0
-0.0538847	-0.0721201	0
-0.0628518	-0.080835	0
-0.0718351	-0.0895232	0
-0.0808373	-0.0981811	0
-0.089861	-0.106805	0
-0.0989089	-0.115392	0
-0.107983	-0.123939	0
-0.117087	-0.132441	0
-0.126222	-0.140896	0
-0.135391	-0.1493	0
-0.144596	-0.157649	0
-0.153839	-0.165939	0
-0.163121	-0.174167	0
-0.172446	-0.18233	0
-0.181813	-0.190423	0
-0.191226	-0.198442	0
-0.200685	-0.206385	0
-0.210192	-0.214247	0
-0.219747	-0.222024	0
-0.229352	-0.229713	0
-0.239008	-0.237309	0
-0.248715	-0.244808	0
-0.258474	-0.252207	0
-0.268284	-0.259503	0
-0.278147	-0.266689	0
-0.288062	-0.273764	0
-0.298028	-0.280723	0
-0.308046	-0.287561	0
-0.318114	-0.294276	0
-0.328232	-0.300863	0
-0.338399	-0.307319	0
-0.348613	-0.313639	0
-0.358874	-0.31982	0
-0.369178	-0.325859	0
-0.379525	-0.331752	0
-0.389913	-0.337495	0
-0.400338	-0.343085	0
-0.410799	-0.34852	0
-0.421293	-0.353795	0
-0.431817	-0.358908	0
-0.442368	-0.363857	0
-0.452944	-0.368638	0
-0.463539	-0.373249	0
-0.474152	-0.377687	0
-0.484778	-0.381952	0
-0.495413	-0.386041	0
-0.506055	-0.389951	0
-0.516698	-0.393683	0
-0.527338	-0.397234	0
-0.537972	-0.400603	0
-0.548595	-0.403791	0
-0.559202	-0.406795	0
-0.56979	-0.409616	0
-0.580354	-0.412254	0
-0.59089	-0.414709	0
-0.601393	-0.416981	0
-0.611859	-0.419071	0
-0.622283	-0.42098	0
-0.632661	-0.422709	0
-0.64299	-0.424258	0
-0.653264	-0.42563	0
-0.66348	-0.426827	0
-0.673634	-0.427849	0
-0.683722	-0.4287	0
-0.69374	-0.429381	0
-0.703684	-0.429895	0
-0.713551	-0.430244	0
-0.723338	-0.430432	0
-0.733042	-0.43046	0
-0.742658	-0.430332	0
-0.752185	-0.430051	0
-0.76162	-0.42962	0
-0.77096	-0.429042	0
-0.780203	-0.428321	0
-0.789345	-0.42746	0
-0.798386	-0.426462	0
-0.807324	-0.425332	0
-0.816156	-0.424071	0
-0.824881	-0.422685	0
-0.833497	-0.421176	0
-0.842003	-0.419548	0
-0.850398	-0.417804	0
-0.858682	-0.415949	0
-0.866852	-0.413985	0
-0.874908	-0.411916	0
-0.88285	-0.409746	0
-0.890678	-0.407477	0
-0.89839	-0.405114	0
-0.905987	-0.402659	0
-0.913468	-0.400117	0
-0.920833	-0.397489	0
-0.928083	-0.39478	0
-0.935218	-0.391991	0
-0.942237	-0.389127	0
-0.949142	-0.386191	0
-0.955932	-0.383184	0
-0.962609	-0.38011	0
-0.969172	-0.376972	0
-0.975622	-0.373772	0
-0.98196	-0.370513	0
-0.988188	-0.367198	0
-0.994304	-0.363828	0
-1.00031	-0.360406	0
-1.00621	-0.356935	0
-1.012	-0.353416	0
-1.01768	-0.349852	0
-1.02326	-0.346245	0
-1.02873	-0.342597	0
-1.0341	-0.33891	0
-1.03937	-0.335185	0
-1.04453	-0.331424	0
-1.04959	-0.32763	0
-1.05455	-0.323803	0
-1.05942	-0.319945	0
-1.06419	-0.316058	0
-1.06886	-0.312144	0
-1.07343	-0.308203	0
-1.07791	-0.304237	0
-1.0823	-0.300248	0
-1.0866	-0.296236	0
-1.0908	-0.292202	0
-1.09492	-0.288149	0
-1.09894	-0.284076	0
-1.10288	-0.279985	0
-1.10673	-0.275877	0
-1.1105	-0.271753	0
-1.11418	-0.267614	0
-1.11778	-0.26346	0
-1.1213	-0.259292	0
-1.12473	-0.255111	0
-1.12809	-0.250918	0
-1.13136	-0.246714	0
-1.13456	-0.242499	0
-1.13768	-0.238273	0
-1.14072	-0.234038	0
-1.14369	-0.229794	0
-1.14658	-0.225541	0
-1.1494	-0.221279	0
-1.15214	-0.217011	0
-1.15481	-0.212734	0
-1.15741	-0.208451	0
-1.15994	-0.204162	0
-1.1624	-0.199866	0
-1.16479	-0.195565	0
-1.16712	-0.191258	0
-1.16937	-0.186946	0
-1.17156	-0.182629	0
-1.17368	-0.178308	0
-1.17573	-0.173982	0
-1.17772	-0.169652	0
-1.17965	-0.165317	0
-1.18151	-0.160979	0
-1.18331	-0.156638	0
-1.18504	-0.152292	0
-1.18671	-0.147944	0
-1.18832	-0.143592	0
-1.18987	-0.139237	0
-1.19136	-0.134879	0
-1.19278	-0.130518	0
-1.19415	-0.126154	0
-1.19546	-0.121787	0
-1.1967	-0.117417	0
-1.19789	-0.113045	0
-1.19902	-0.10867	0
-1.20009	-0.104293	0
-1.2011	-0.099913	0
-1.20206	-0.0955304	0
-1.20295	-0.0911453	0
-1.20379	-0.0867577	0
-1.20457	-0.0823676	0
-1.2053	-0.0779749	0
-1.20597	-0.0735797	0
-1.20658	-0.069182	0
-1.20713	-0.0647817	0
-1.20763	-0.0603789	0
-1.20807	-0.0559735	0
-1.20845	-0.0515656	0
-1.20878	-0.0471551	0
-1.20905	-0.0427419	0
-1.20926	-0.0383262	0
-1.20942	-0.0339077	0
-1.20952	-0.0294867	0
-1.20956	-0.0250629	0
-1.20955	-0.0206364	0
-1.20947	-0.0162073	0
-1.20935	-0.0117754	0
-1.20916	-0.00734081	0
-1.20892	-0.00290348	0
-1.20862	0.00153658	0
-1.20826	0.00597938	0
-1.20784	0.0104249	0
-1.20737	0.0148731	0
-1.20683	0.019324	0
-1.20624	0.0237776	0
-1.20559	0.0282339	0
-1.20488	0.0326927	0
-1.2041	0.0371541	0
-1.20327	0.041618	0
-1.20238	0.0460843	0
-1.20142	0.050553	0
-1.2004	0.0550239	0
-1.19933	0.0594971	0
-1.19818	0.0639724	0
-1.19698	0.0684496	0
-1.19571	0.0729287	0
-1.19438	0.0774094	0
-1.19298	0.0818917	0
-1.19151	0.0863754	0
-1.18998	0.0908603	0
-1.18839	0.0953461	0
-1.18672	0.0998328	0
-1.18499	0.10432	0
-1.18319	0.108807	0
-1.18131	0.113295	0
-1.17937	0.117782	0
-1.17736	0.122268	0
-1.17528	0.126754	0
-1.17312	0.131238	0
-1.17089	0.135721	0
-1.16858	0.140201	0
-1.1662	0.144679	0
-1.16374	0.149154	0
-1.16121	0.153625	0
-1.1586	0.158092	0
-1.15591	0.162555	0
-1.15314	0.167012	0
-1.15029	0.171464	0
-1.14735	0.175909	0
-1.14434	0.180347	0
-1.14124	0.184777	0
-1.13806	0.189198	0
-1.13479	0.19361	0
-1.13143	0.198011	0
-1.12799	0.202402	0
-1.12445	0.20678	0
-1.12083	0.211145	0
-1.11712	0.215496	0
-1.11331	0.219832	0
-1.10941	0.224151	0
-1.10542	0.228453	0
-1.10133	0.232737	0
-1.09714	0.237	0
-1.09286	0.241242	0
-1.08848	0.245461	0
-1.084	0.249656	0
-1.07942	0.253826	0
-1.07473	0.257968	0
-1.06995	0.262082	0
-1.06506	0.266165	0
-1.06006	0.270216	0
-1.05496	0.274233	0
-1.04975	0.278215	0
-1.04444	0.282158	0
-1.03901	0.286062	0
-1.03348	0.289924	0
-1.02784	0.293742	0
-1.02208	0.297514	0
-1.01622	0.301238	0
-1.01024	0.304911	0
-1.00415	0.308532	0
-0.997942	0.312097	0
-0.991622	0.315604	0
-0.985188	0.31905	0
-0.978639	0.322434	0
-0.971974	0.325752	0
-0.965194	0.329001	0
-0.958297	0.33218	0
-0.951285	0.335284	0
-0.944158	0.338311	0
-0.936914	0.341259	0
-0.929555	0.344124	0
-0.92208	0.346903	0
-0.914491	0.349594	0
-0.906787	0.352192	0
-0.898969	0.354696	0
-0.891039	0.357102	0
-0.882996	0.359407	0
-0.874842	0.361608	0
-0.866578	0.363701	0
-0.858205	0.365684	0
-0.849725	0.367554	0
-0.841138	0.369307	0
-0.832448	0.370941	0
-0.823655	0.372452	0
-0.814761	0.373838	0
-0.805768	0.375095	0
-0.796679	0.376221	0
-0.787495	0.377214	0
-0.77822	0.37807	0
-0.768855	0.378786	0
-0.759403	0.379361	0
-0.749868	0.379792	0
-0.740251	0.380077	0
-0.730557	0.380213	0
-0.720787	0.380199	0
-0.710946	0.380033	0
-0.701036	0.379712	0
-0.691061	0.379236	0
-0.681024	0.378603	0
-0.670928	0.377811	0
-0.660778	0.37686	0
-0.650577	0.375748	0
-0.640328	0.374475	0
-0.630035	0.37304	0
-0.619701	0.371443	0
-0.609331	0.369684	0
-0.598928	0.367762	0
-0.588496	0.365677	0
-0.578037	0.363431	0
-0.567557	0.361023	0
-0.557057	0.358454	0
-0.546543	0.355725	0
-0.536016	0.352836	0
-0.525481	0.34979	0
-0.514941	0.346587	0
-0.504399	0.343229	0
-0.493857	0.339718	0
-0.48332	0.336054	0
-0.472789	0.332241	0
-0.462267	0.32828	0
-0.451758	0.324174	0
-0.441263	0.319924	0
-0.430785	0.315533	0
-0.420326	0.311004	0
-0.409888	0.306339	0
-0.399472	0.301541	0
-0.389082	0.296612	0
-0.378718	0.291556	0
-0.368382	0.286375	0
-0.358075	0.281072	0
-0.347798	0.275651	0
-0.337552	0.270114	0
-0.327339	0.264464	0
-0.317159	0.258705	0
-0.307012	0.25284	0
-0.296899	0.246871	0
-0.28682	0.240803	0
-0.276776	0.234637	0
-0.266767	0.228378	0
-0.256792	0.222029	0
-0.246851	0.215592	0
-0.236944	0.209072	0
-0.227071	0.20247	0
-0.21723	0.195791	0
-0.207422	0.189038	0
-0.197645	0.182213	0
-0.187898	0.17532	0
-0.178181	0.168362	0
-0.168493	0.161342	0
-0.158832	0.154263	0
-0.149196	0.147128	0
-0.139586	0.13994	0
-0.129998	0.132703	0
-0.120432	0.125419	0
-0.110887	0.118092	0
-0.101359	0.110723	0
-0.0918488	0.103317	0
-0.0823532	0.0958758	0
-0.0728708	0.0884029	0
-0.0633997	0.0809011	0
-0.0539379	0.0733732	0
-0.0444834	0.0658223	0
-0.0350343	0.0582513	0
-0.0255885	0.0506631	0
-0.016144	0.0430605	0
-0.00669851	0.0354467	0
0.00274995	0.0278244	0
0.0122036	0.0201967	0
0.0216645	0.0125666	0
0.031135	0.00493702	0
0.0406171	-0.00268899	0
0.0501132	-0.0103084	0
0.0596253	-0.0179181	0
0.0691556	-0.025515	0
0.0787063	-0.033096	0
0.0882797	-0.0406578	0
0.0978777	-0.0481973	0
0.107502	-0.0557112	0
0.117156	-0.0631962	0
0.126841	-0.0706488	0
0.136558	-0.0780658	0
0.14631	-0.0854435	0
0.156099	-0.0927786	0
0.165927	-0.100067	0
0.175795	-0.107306	0
0.185705	-0.114491	0
0.195658	-0.121619	0
0.205656	-0.128685	0
0.215701	-0.135686	0
0.225793	-0.142618	0
0.235934	-0.149476	0
0.246126	-0.156258	0
0.256368	-0.162957	0
0.266661	-0.169571	0
0.277007	-0.176095	0
0.287405	-0.182525	0
0.297857	-0.188855	0
0.308361	-0.195083	0
0.318919	-0.201203	0
0.329529	-0.207211	0
0.340191	-0.213103	0
0.350905	-0.218873	0
0.361669	-0.224518	0
0.372483	-0.230033	0
0.383346	-0.235413	0
0.394254	-0.240655	0
0.405208	-0.245753	0
0.416204	-0.250704	0
0.42724	-0.255504	0
0.438315	-0.260147	0
0.449424	-0.26463	0
0.460565	-0.26895	0
0.471735	-0.273103	0
0.48293	-0.277085	0
0.494146	-0.280892	0
0.505379	-0.284522	0
0.516626	-0.287972	0
0.527882	-0.291239	0
0.539142	-0.29432	0
0.550402	-0.297213	0
0.561657	-0.299917	0
0.572901	-0.30243	0
0.58413	-0.304751	0
0.595338	-0.306877	0
0.60652	-0.30881	0
0.617671	-0.310548	0
0.628786	-0.312091	0
0.639859	-0.31344	0
0.650884	-0.314595	0
0.661857	-0.315557	0
0.672771	-0.316327	0
0.683623	-0.316908	0
0.694406	-0.317299	0
0.705116	-0.317505	0
0.715749	-0.317526	0
0.726298	-0.317366	0
0.73676	-0.317028	0
0.747131	-0.316514	0
0.757406	-0.315828	0
0.767581	-0.314973	0
0.777653	-0.313954	0
0.787618	-0.312773	0
0.797473	-0.311435	0
0.807215	-0.309944	0
0.81684	-0.308304	0
0.826347	-0.30652	0
0.835733	-0.304595	0
0.844996	-0.302534	0
0.854134	-0.300342	0
0.863146	-0.298023	0
0.872029	-0.29558	0
0.880783	-0.29302	0
0.889406	-0.290346	0
0.897898	-0.287562	0
0.906259	-0.284673	0
0.914487	-0.281683	0
0.922582	-0.278596	0
0.930544	-0.275417	0
0.938373	-0.272149	0
0.94607	-0.268796	0
0.953634	-0.265363	0
0.961067	-0.261852	0
0.968368	-0.258268	0
0.975538	-0.254615	0
0.982578	-0.250895	0
0.989488	-0.247112	0
0.996271	-0.24327	0
1.00293	-0.239371	0
1.00945	-0.235418	0
1.01586	-0.231416	0
1.02214	-0.227365	0
1.0283	-0.223269	0
1.03433	-0.219132	0
1.04025	-0.214954	0
1.04604	-0.210739	0
1.05172	-0.206489	0
1.05729	-0.202207	0
1.06274	-0.197893	0
1.06807	-0.193551	0
1.0733	-0.189183	0
1.07841	-0.184789	0
1.08342	-0.180373	0
1.08832	-0.175935	0
1.09311	-0.171478	0
1.0978	-0.167003	0
1.10239	-0.162511	0
1.10687	-0.158004	0
1.11126	-0.153483	0
1.11554	-0.148949	0
1.11973	-0.144404	0
1.12383	-0.139849	0
1.12782	-0.135285	0
1.13173	-0.130712	0
1.13555	-0.126132	0
1.13927	-0.121546	0
1.14291	-0.116955	0
1.14645	-0.112359	0
1.14992	-0.107759	0
1.15329	-0.103156	0
1.15659	-0.098551	0
1.1598	-0.093944	0
1.16292	-0.0893359	0
1.16597	-0.0847272	0
1.16894	-0.0801185	0
1.17183	-0.0755102	0
1.17464	-0.0709029	0
1.17738	-0.0662969	0
1.18004	-0.0616927	0
1.18263	-0.0570906	0
1.18514	-0.0524911	0
1.18759	-0.0478943	0
1.18996	-0.0433007	0
1.19226	-0.0387105	0
1.19449	-0.0341239	0
1.19665	-0.0295413	0
1.19875	-0.0249627	0
1.20077	-0.0203885	0
1.20273	-0.0158187	0
1.20463	-0.0112536	0
1.20646	-0.00669326	0
1.20823	-0.00213786	0
1.20993	0.0024125	0
1.21157	0.00695771	0
1.21315	0.0114977	0
1.21466	0.0160323	0
1.21612	0.0205616	0
1.21751	0.0250854	0
1.21885	0.0296038	0
1.22012	0.0341166	0
1.22134	0.0386238	0
1.2225	0.0431254	0
1.2236	0.0476214	0
1.22464	0.0521118	0
1.22562	0.0565966	0
1.22655	0.0610758	0
1.22742	0.0655493	0
1.22823	0.0700172	0
1.22899	0.0744796	0
1.22969	0.0789363	0
1.23034	0.0833875	0
1.23093	0.0878332	0
1.23147	0.0922733	0
1.23195	0.0967079	0
1.23238	0.101137	0
1.23275	0.105561	0
1.23307	0.109979	0
1.23334	0.114392	0
1.23355	0.1188	0
1.2337	0.123202	0
1.23381	0.127599	0
1.23386	0.131991	0
1.23385	0.136377	0
1.23379	0.140758	0
1.23368	0.145134	0
1.23351	0.149505	0
1.23329	0.15387	0
1.23301	0.15823	0
1.23269	0.162585	0
1.2323	0.166935	0
1.23186	0.171279	0
1.23137	0.175618	0
1.23082	0.179952	0
1.23022	0.18428	0
1.22957	0.188604	0
1.22885	0.192921	0
1.22808	0.197233	0
1.22726	0.20154	0
1.22638	0.205841	0
1.22544	0.210136	0
1.22445	0.214425	0
1.2234	0.218709	0
1.22229	0.222986	0
1.22113	0.227258	0
1.21991	0.231523	0
1.21862	0.235781	0
1.21728	0.240033	0
1.21588	0.244278	0
1.21443	0.248516	0
1.21291	0.252747	0
1.21133	0.256971	0
1.20969	0.261187	0
1.20798	0.265395	0
1.20622	0.269594	0
1.20439	0.273786	0
1.2025	0.277969	0
1.20055	0.282142	0
1.19853	0.286306	0
1.19644	0.290461	0
1.1943	0.294605	0
1.19208	0.298739	0
1.1898	0.302862	0
1.18745	0.306973	0
1.18504	0.311072	0
1.18255	0.31516	0
1.18	0.319234	0
1.17738	0.323295	0
1.17468	0.327342	0
1.17192	0.331374	0
1.16908	0.335392	0
1.16617	0.339393	0
1.16319	0.343378	0
1.16014	0.347346	0
1.157	0.351296	0
1.1538	0.355228	0
1.15052	0.35914	0
1.14716	0.363032	0
1.14372	0.366902	0
1.14021	0.370751	0
1.13662	0.374577	0
1.13295	0.378379	0
1.1292	0.382156	0
1.12536	0.385908	0
1.12145	0.389633	0
1.11745	0.393329	0
1.11337	0.396997	0
1.10921	0.400634	0
1.10496	0.40424	0
1.10063	0.407813	0
1.09621	0.411352	0
1.09171	0.414856	0
1.08712	0.418324	0
1.08244	0.421753	0
1.07768	0.425143	0
1.07282	0.428492	0
1.06788	0.431798	0
1.06284	0.43506	0
1.05772	0.438277	0
1.05251	0.441447	0
1.0472	0.444567	0
1.04181	0.447637	0
1.03632	0.450655	0
1.03074	0.453618	0
1.02507	0.456526	0
1.01931	0.459375	0
1.01345	0.462165	0
1.0075	0.464893	0
1.00146	0.467557	0
0.995327	0.470155	0
0.9891	0.472686	0
0.98278	0.475147	0
0.976368	0.477536	0
0.969863	0.479851	0
0.963266	0.48209	0
0.956578	0.48425	0
0.949797	0.48633	0
0.942926	0.488327	0
0.935965	0.490239	0
0.928913	0.492064	0
0.921772	0.4938	0
0.914543	0.495444	0
0.907226	0.496993	0
0.899823	0.498447	0
0.892334	0.499802	0
0.88476	0.501056	0
0.877102	0.502208	0
0.869363	0.503254	0
0.861542	0.504193	0
0.853642	0.505022	0
0.845664	0.50574	0
0.837609	0.506345	0
0.82948	0.506833	0
0.821277	0.507203	0
0.813003	0.507454	0
0.80466	0.507583	0
0.796249	0.507589	0
0.787773	0.507469	0
0.779234	0.507222	0
0.770633	0.506847	0
0.761974	0.506341	0
0.753259	0.505703	0
0.74449	0.504932	0
0.735669	0.504026	0
0.726799	0.502985	0
0.717883	0.501807	0
0.708923	0.500491	0
0.699922	0.499036	0
0.690882	0.497441	0
0.681807	0.495706	0
0.672699	0.493829	0
0.663561	0.491811	0
0.654396	0.489652	0
0.645206	0.48735	0
0.635994	0.484905	0
0.626763	0.482319	0
0.617517	0.47959	0
0.608257	0.476719	0
0.598987	0.473706	0
0.589709	0.470552	0
0.580426	0.467257	0
0.57114	0.463823	0
0.561855	0.460249	0
0.552573	0.456536	0
0.543296	0.452687	0
0.534028	0.448701	0
0.524769	0.44458	0
0.515524	0.440325	0
0.506293	0.435939	0
0.497079	0.431421	0
0.487885	0.426774	0
0.478712	0.422	0
0.469563	0.4171	0
0.460439	0.412076	0
0.451342	0.40693	0
0.442273	0.401664	0
0.433235	0.39628	0
0.424229	0.39078	0
0.415255	0.385166	0
0.406317	0.379441	0
0.397413	0.373606	0
0.388547	0.367664	0
0.379719	0.361617	0
0.370929	0.355467	0
0.362179	0.349218	0
0.353469	0.34287	0
0.344799	0.336428	0
0.336172	0.329892	0
0.327586	0.323265	0
0.319041	0.316551	0
0.31054	0.309751	0
0.30208	0.302867	0
0.293664	0.295902	0
0.285289	0.28886	0
0.276957	0.281741	0
0.268668	0.274548	0
0.26042	0.267284	0
0.252213	0.259951	0
0.244048	0.252552	0
0.235923	0.245089	0
0.227838	0.237563	0
0.219793	0.229978	0
0.211786	0.222336	0
0.203817	0.214639	0
0.195885	0.20689	0
0.18799	0.199089	0
0.180129	0.191241	0
0.172303	0.183346	0
0.16451	0.175407	0
0.156749	0.167427	0
0.149019	0.159407	0
0.141318	0.151349	0
0.133647	0.143255	0
0.126002	0.135128	0
0.118384	0.126969	0
0.11079	0.118781	0
0.103219	0.110565	0
0.0956711	0.102323	0
0.0881432	0.0940575	0
0.0806345	0.0857703	0
0.0731434	0.0774631	0
0.0656686	0.0691379	0
0.0582085	0.0607966	0
0.0507617	0.0524409	0
0.0433265	0.0440726	0
0.0359016	0.0356938	0
0.0284853	0.027306	0
0.0210762	0.0189112	0
0.0136726	0.0105112	0
0.00627307	0.00210763	0
-0.00112398	-0.00629757	0
-0.0085201	-0.0147027	0
-0.0159168	-0.0231059	0
-0.0233157	-0.0315055	0
-0.0307183	-0.0398997	0
-0.0381261	-0.0482867	0
-0.0455407	-0.0566647	0
-0.0529634	-0.0650319	0
-0.060396	-0.0733866	0
-0.0678397	-0.081727	0
-0.0752961	-0.0900513	0
-0.0827667	-0.0983577	0
-0.0902528	-0.106644	0
-0.0977558	-0.114909	0
-0.105277	-0.123151	0
-0.112818	-0.131368	0
-0.12038	-0.139557	0
-0.127964	-0.147717	0
-0.135572	-0.155847	0
-0.143205	-0.163944	0
-0.150863	-0.172006	0
-0.158549	-0.180032	0
-0.166263	-0.18802	0
-0.174006	-0.195967	0
-0.181779	-0.203871	0
-0.189584	-0.211731	0
-0.19742	-0.219545	0
-0.20529	-0.227311	0
-0.213194	-0.235026	0
-0.221132	-0.242689	0
-0.229106	-0.250297	0
-0.237116	-0.257849	0
-0.245162	-0.265342	0
-0.253246	-0.272775	0
-0.261367	-0.280144	0
-0.269527	-0.287449	0
-0.277725	-0.294687	0
-0.285961	-0.301856	0
-0.294237	-0.308953	0
-0.302551	-0.315978	0
-0.310905	-0.322926	0
-0.319297	-0.329797	0
-0.327729	-0.336589	0
-0.336199	-0.343298	0
-0.344708	-0.349924	0
-0.353256	-0.356464	0
-0.361841	-0.362915	0
-0.370463	-0.369276	0
-0.379123	-0.375545	0
-0.387818	-0.38172	0
-0.396549	-0.387799	0
-0.405315	-0.393779	0
-0.414114	-0.399659	0
-0.422946	-0.405437	0
-0.43181	-0.411111	0
-0.440704	-0.416679	0
-0.449628	-0.42214	0
-0.458579	-0.427491	0
-0.467558	-0.432731	0
-0.476561	-0.437859	0
-0.485589	-0.442872	0
-0.494638	-0.44777	0
-0.503708	-0.45255	0
-0.512797	-0.457212	0
-0.521903	-0.461753	0
-0.531024	-0.466174	0
-0.540158	-0.470472	0
-0.549303	-0.474646	0
-0.558458	-0.478696	0
-0.567619	-0.48262	0
-0.576786	-0.486418	0
-0.585956	-0.490089	0
-0.595126	-0.493632	0
-0.604295	-0.497047	0
-0.61346	-0.500333	0
-0.622619	-0.503489	0
-0.63177	-0.506516	0
-0.640909	-0.509413	0
-0.650036	-0.512179	0
-0.659148	-0.514816	0
-0.668241	-0.517322	0
-0.677315	-0.519699	0
-0.686366	-0.521946	0
-0.695393	-0.524063	0
-0.704392	-0.526051	0
-0.713362	-0.527911	0
-0.7223	-0.529643	0
-0.731204	-0.531247	0
-0.740072	-0.532725	0
-0.748902	-0.534077	0
-0.757691	-0.535305	0
-0.766437	-0.536408	0
-0.775139	-0.537389	0
-0.783793	-0.538248	0
-0.792399	-0.538986	0
-0.800954	-0.539606	0
-0.809456	-0.540107	0
-0.817903	-0.540492	0
-0.826294	-0.540761	0
-0.834627	-0.540917	0
-0.8429	-0.540961	0
-0.851112	-0.540894	0
-0.859261	-0.540718	0
-0.867345	-0.540435	0
-0.875363	-0.540047	0
-0.883314	-0.539554	0
-0.891196	-0.53896	0
-0.899009	-0.538265	0
-0.90675	-0.537471	0
-0.914419	-0.536581	0
-0.922015	-0.535595	0
-0.929537	-0.534517	0
-0.936984	-0.533348	0
-0.944354	-0.532089	0
-0.951648	-0.530742	0
-0.958865	-0.52931	0
-0.966003	-0.527795	0
-0.973062	-0.526197	0
-0.980042	-0.524519	0
-0.986942	-0.522764	0
-0.993761	-0.520932	0
-1.0005	-0.519025	0
-1.00716	-0.517046	0
-1.01373	-0.514996	0
-1.02023	-0.512877	0
-1.02664	-0.51069	0
-1.03297	-0.508439	0
-1.03922	-0.506123	0
-1.04539	-0.503745	0
-1.05147	-0.501307	0
-1.05747	-0.49881	0
-1.06339	-0.496257	0
-1.06923	-0.493647	0
-1.07499	-0.490984	0
-1.08066	-0.488269	0
-1.08625	-0.485502	0
-1.09177	-0.482687	0
-1.0972	-0.479823	0
-1.10255	-0.476914	0
-1.10781	-0.473959	0
-1.113	-0.470961	0
-1.11811	-0.46792	0
-1.12314	-0.464839	0
-1.12809	-0.461718	0
-1.13297	-0.458559	0
-1.13776	-0.455362	0
-1.14248	-0.45213	0
-1.14712	-0.448863	0
-1.15168	-0.445563	0
-1.15616	-0.44223	0
-1.16057	-0.438866	0
-1.16491	-0.435471	0
-1.16917	-0.432047	0
-1.17336	-0.428595	0
-1.17747	-0.425116	0
-1.18151	-0.42161	0
-1.18548	-0.418079	0
-1.18937	-0.414523	0
-1.1932	-0.410943	0
-1.19695	-0.407341	0
-1.20064	-0.403716	0
-1.20425	-0.40007	0
-1.20779	-0.396404	0
-1.21127	-0.392717	0
-1.21468	-0.389012	0
-1.21802	-0.385288	0
-1.22129	-0.381546	0
-1.2245	-0.377787	0
-1.22765	-0.374011	0
-1.23072	-0.37022	0
-1.23374	-0.366413	0
-1.23669	-0.362591	0
-1.23957	-0.358755	0
-1.2424	-0.354905	0
-1.24516	-0.351042	0
-1.24786	-0.347166	0
-1.2505	-0.343277	0
-1.25308	-0.339376	0
-1.25559	-0.335464	0
-1.25805	-0.33154	0
-1.26045	-0.327606	0
-1.26279	-0.323661	0
-1.26508	-0.319706	0
-1.2673	-0.315741	0
-1.26947	-0.311766	0
-1.27158	-0.307782	0
-1.27364	-0.30379	0
-1.27564	-0.299788	0
-1.27758	-0.295778	0
-1.27947	-0.29176	0
-1.28131	-0.287734	0
-1.28309	-0.2837	0
-1.28482	-0.279659	0
-1.28649	-0.27561	0
-1.28811	-0.271554	0
-1.28968	-0.267491	0
-1.2912	-0.263421	0
-1.29266	-0.259344	0
-1.29408	-0.255261	0
-1.29544	-0.251171	0
-1.29675	-0.247075	0
-1.29801	-0.242973	0
-1.29922	-0.238864	0
-1.30038	-0.234749	0
-1.30149	-0.230629	0
-1.30255	-0.226502	0
-1.30356	-0.22237	0
-1.30453	-0.218232	0
-1.30544	-0.214088	0
-1.30631	-0.209938	0
-1.30712	-0.205783	0
-1.30789	-0.201622	0
-1.30861	-0.197456	0
-1.30928	-0.193284	0
-1.30991	-0.189107	0
-1.31048	-0.184924	0
-1.31101	-0.180735	0
-1.31149	-0.176541	0
-1.31192	-0.172342	0
-1.31231	-0.168137	0
-1.31265	-0.163927	0
-1.31294	-0.159711	0
-1.31318	-0.15549	0
-1.31338	-0.151263	0
-1.31353	-0.14703	0
-1.31363	-0.142792	0
-1.31368	-0.138549	0
-1.31369	-0.1343	0
-1.31365	-0.130045	0
-1.31356	-0.125785	0
-1.31342	-0.121519	0
-1.31324	-0.117247	0
-1.31301	-0.11297	0
-1.31273	-0.108687	0
-1.3124	-0.104399	0
-1.31202	-0.100104	0
-1.31159	-0.095804	0
-1.31112	-0.0914981	0
-1.3106	-0.0871864	0
-1.31002	-0.0828689	0
-1.3094	-0.0785457	0
-1.30873	-0.0742166	0
-1.30801	-0.0698817	0
-1.30723	-0.0655411	0
-1.30641	-0.0611946	0
-1.30553	-0.0568424	0
-1.30461	-0.0524844	0
-1.30363	-0.0481206	0
-1.3026	-0.0437511	0
-1.30152	-0.0393759	0
-1.30039	-0.034995	0
-1.2992	-0.0306086	0
-1.29796	-0.0262165	0
-1.29666	-0.021819	0
-1.29531	-0.017416	0
-1.2939	-0.0130077	0
-1.29244	-0.00859404	0
-1.29093	-0.00417523	0
-1.28935	0.000248666	0
-1.28772	0.00467753	0
-1.28603	0.00911123	0
-1.28429	0.0135496	0
-1.28248	0.0179926	0
-1.28062	0.02244	0
-1.27869	0.0268916	0
-1.2767	0.0313472	0
-1.27466	0.0358066	0
-1.27255	0.0402696	0
-1.27037	0.0447361	0
-1.26814	0.0492056	0
-1.26584	0.053678	0
-1.26347	0.0581529	0
-1.26104	0.0626301	0
-1.25854	0.0671092	0
-1.25598	0.0715898	0
-1.25334	0.0760717	0
-1.25064	0.0805544	0
-1.24787	0.0850375	0
-1.24502	0.0895205	0
-1.24211	0.094003	0
-1.23912	0.0984845	0
-1.23606	0.102964	0
-1.23292	0.107442	0
-1.22971	0.111917	0
-1.22643	0.116389	0
-1.22306	0.120857	0
-1.21962	0.125321	0
-1.2161	0.129779	0
-1.2125	0.134231	0
-1.20881	0.138676	0
-1.20505	0.143114	0
-1.2012	0.147543	0
-1.19727	0.151963	0
-1.19325	0.156372	0
-1.18915	0.160771	0
-1.18495	0.165156	0
-1.18067	0.169529	0
-1.17631	0.173886	0
-1.17185	0.178229	0
-1.16729	0.182554	0
-1.16265	0.186861	0
-1.15791	0.191149	0
-1.15308	0.195415	0
-1.14815	0.19966	0
-1.14312	0.20388	0
-1.138	0.208076	0
-1.13278	0.212244	0
-1.12745	0.216384	0
-1.12203	0.220494	0
-1.1165	0.224571	0
-1.11087	0.228615	0
-1.10514	0.232623	0
-1.09931	0.236593	0
-1.09336	0.240524	0
-1.08732	0.244412	0
-1.08116	0.248257	0
-1.0749	0.252055	0
-1.06853	0.255805	0
-1.06205	0.259505	0
-1.05546	0.263151	0
-1.04876	0.266741	0
-1.04195	0.270273	0
-1.03503	0.273745	0
-1.02799	0.277153	0
-1.02085	0.280495	0
-1.0136	0.283769	0
-1.00623	0.286971	0
-0.998752	0.290098	0
-0.991163	0.293148	0
-0.983463	0.296119	0
-0.975652	0.299006	0
-0.967731	0.301807	0
-0.959701	0.304519	0
-0.951561	0.307139	0
-0.943313	0.309664	0
-0.934958	0.312091	0
-0.926497	0.314417	0
-0.917931	0.316639	0
-0.909261	0.318753	0
-0.900488	0.320758	0
-0.891615	0.32265	0
-0.882643	0.324426	0
-0.873573	0.326083	0
-0.864409	0.327618	0
-0.855151	0.329029	0
-0.845802	0.330314	0
-0.836365	0.331468	0
-0.826842	0.332491	0
-0.817235	0.333379	0
-0.807547	0.334131	0
-0.797782	0.334744	0
-0.787941	0.335216	0
-0.778029	0.335545	0
-0.768048	0.335729	0
-0.758001	0.335768	0
-0.747892	0.335659	0
-0.737724	0.335401	0
-0.7275	0.334993	0
-0.717224	0.334434	0
-0.7069	0.333723	0
-0.696531	0.33286	0
-0.68612	0.331844	0
-0.675672	0.330675	0
-0.665189	0.329352	0
-0.654675	0.327877	0
-0.644134	0.326249	0
-0.633569	0.324468	0
-0.622984	0.322536	0
-0.612382	0.320453	0
-0.601767	0.31822	0
-0.591141	0.315838	0
-0.580508	0.313308	0
-0.569871	0.310633	0
-0.559233	0.307812	0
-0.548598	0.304849	0
-0.537966	0.301745	0
-0.527343	0.298502	0
-0.516729	0.295122	0
-0.506128	0.291608	0
-0.495542	0.28796	0
-0.484972	0.284183	0
-0.474422	0.280278	0
-0.463893	0.276249	0
-0.453386	0.272096	0
-0.442904	0.267825	0
-0.432448	0.263436	0
-0.42202	0.258933	0
-0.41162	0.254318	0
-0.40125	0.249595	0
-0.390911	0.244766	0
-0.380604	0.239835	0
-0.370329	0.234804	0
-0.360087	0.229675	0
-0.349879	0.224453	0
-0.339705	0.21914	0
-0.329566	0.213739	0
-0.31946	0.208252	0
-0.30939	0.202683	0
-0.299354	0.197035	0
-0.289352	0.19131	0
-0.279384	0.185512	0
-0.269451	0.179642	0
-0.259551	0.173705	0
-0.249683	0.167702	0
-0.239849	0.161637	0
-0.230046	0.155512	0
-0.220274	0.14933	0
-0.210532	0.143093	0
-0.20082	0.136804	0
-0.191136	0.130466	0
-0.18148	0.124082	0
-0.171851	0.117653	0
-0.162247	0.111182	0
-0.152667	0.104673	0
-0.143111	0.098126	0
-0.133577	0.091545	0
-0.124064	0.084932	0
-0.11457	0.0782893	0
-0.105095	0.0716193	0
-0.0956364	0.0649243	0
-0.0861938	0.0582064	0
-0.0767656	0.0514681	0
-0.0673504	0.0447115	0
-0.0579467	0.0379387	0
-0.0485533	0.0311522	0
-0.0391685	0.0243539	0
-0.0297912	0.017546	0
-0.0204197	0.0107308	0
-0.0110527	0.00391035	0
-0.0016887	-0.00291325	0
0.00767368	-0.00973785	0
0.0170359	-0.0165613	0
0.0263994	-0.0233816	0
0.0357656	-0.0301966	0
0.0451358	-0.0370041	0
0.0545116	-0.0438022	0
0.0638943	-0.0505886	0
0.0732852	-0.0573613	0
0.0826858	-0.0641182	0
0.0920973	-0.0708571	0
0.101521	-0.077576	0
0.110958	-0.0842727	0
0.120411	-0.0909451	0
0.129879	-0.097591	0
0.139364	-0.104208	0
0.148868	-0.110795	0
0.158391	-0.117348	0
0.167935	-0.123867	0
0.177501	-0.130348	0
0.18709	-0.136789	0
0.196702	-0.143189	0
0.206339	-0.149545	0
0.216001	-0.155854	0
0.225689	-0.162114	0
0.235405	-0.168324	0
0.245148	-0.174481	0
0.25492	-0.180582	0
0.26472	-0.186625	0
0.27455	-0.192608	0
0.28441	-0.198528	0
0.294301	-0.204383	0
0.304222	-0.210171	0
0.314173	-0.215889	0
0.324156	-0.221535	0
0.33417	-0.227106	0
0.344215	-0.2326	0
0.354291	-0.238015	0
0.364398	-0.243348	0
0.374536	-0.248596	0
0.384703	-0.253759	0
0.3949	-0.258832	0
0.405127	-0.263813	0
0.415382	-0.268701	0
0.425665	-0.273493	0
0.435975	-0.278186	0
0.446312	-0.282779	0
0.456673	-0.287268	0
0.467058	-0.291653	0
0.477466	-0.29593	0
0.487896	-0.300097	0
0.498345	-0.304153	0
0.508813	-0.308096	0
0.519298	-0.311923	0
0.529799	-0.315632	0
0.540312	-0.319222	0
0.550838	-0.322691	0
0.561373	-0.326037	0
0.571915	-0.329259	0
0.582463	-0.332355	0
0.593014	-0.335324	0
0.603566	-0.338164	0
0.614117	-0.340874	0
0.624663	-0.343454	0
0.635204	-0.345901	0
0.645735	-0.348216	0
0.656256	-0.350397	0
0.666762	-0.352444	0
0.677251	-0.354356	0
0.687721	-0.356133	0
0.698168	-0.357774	0
0.708591	-0.359279	0
0.718986	-0.360649	0
0.729351	-0.361882	0
0.739682	-0.362981	0
0.749977	-0.363944	0
0.760234	-0.364772	0
0.770449	-0.365466	0
0.780619	-0.366026	0
0.790743	-0.366454	0
0.800818	-0.36675	0
0.81084	-0.366915	0
0.820807	-0.36695	0
0.830717	-0.366857	0
0.840567	-0.366636	0
0.850355	-0.36629	0
0.860079	-0.36582	0
0.869736	-0.365227	0
0.879324	-0.364514	0
0.888841	-0.363681	0
0.898285	-0.362732	0
0.907654	-0.361667	0
0.916946	-0.360488	0
0.92616	-0.359199	0
0.935293	-0.3578	0
0.944344	-0.356294	0
0.953312	-0.354684	0
0.962195	-0.352971	0
0.970992	-0.351158	0
0.979701	-0.349246	0
0.988321	-0.347239	0
0.996853	-0.345139	0
1.00529	-0.342947	0
1.01364	-0.340667	0
1.0219	-0.3383	0
1.03006	-0.33585	0
1.03813	-0.333317	0
1.04611	-0.330705	0
1.05399	-0.328017	0
1.06177	-0.325253	0
1.06946	-0.322417	0
1.07706	-0.319511	0
1.08456	-0.316537	0
1.09196	-0.313497	0
1.09927	-0.310394	0
1.10648	-0.307229	0
1.11359	-0.304005	0
1.12061	-0.300724	0
1.12754	-0.297388	0
1.13437	-0.293999	0
1.1411	-0.290559	0
1.14774	-0.287069	0
1.15428	-0.283533	0
1.16073	-0.279951	0
1.16709	-0.276325	0
1.17335	-0.272658	0
1.17952	-0.26895	0
1.1856	-0.265204	0
1.19159	-0.261422	0
1.19748	-0.257604	0
1.20329	-0.253753	0
1.20901	-0.24987	0
1.21464	-0.245956	0
1.22018	-0.242013	0
1.22563	-0.238043	0
1.23099	-0.234046	0
1.23627	-0.230024	0
1.24147	-0.225978	0
1.24658	-0.22191	0
1.25161	-0.217821	0
1.25655	-0.213711	0
1.26141	-0.209583	0
1.26619	-0.205436	0
1.27089	-0.201273	0
1.27551	-0.197093	0
1.28005	-0.192899	0
1.28452	-0.188691	0
1.2889	-0.184469	0
1.29321	-0.180236	0
1.29745	-0.175991	0
1.30161	-0.171736	0
1.30569	-0.167471	0
1.30971	-0.163196	0
1.31365	-0.158914	0
1.31752	-0.154624	0
1.32131	-0.150327	0
1.32504	-0.146024	0
1.3287	-0.141715	0
1.33229	-0.137401	0
1.33581	-0.133083	0
1.33927	-0.128761	0
1.34266	-0.124435	0
1.34598	-0.120107	0
1.34924	-0.115776	0
1.35244	-0.111443	0
1.35557	-0.107108	0
1.35864	-0.102772	0
1.36165	-0.098436	0
1.36459	-0.0940992	0
1.36748	-0.0897625	0
1.3703	-0.0854262	0
1.37307	-0.0810906	0
1.37578	-0.0767559	0
1.37843	-0.0724226	0
1.38102	-0.0680909	0
1.38356	-0.0637611	0
1.38604	-0.0594333	0
1.38846	-0.0551079	0
1.39083	-0.0507852	0
1.39315	-0.0464652	0
1.39541	-0.0421483	0
1.39762	-0.0378345	0
1.39977	-0.0335242	0
1.40188	-0.0292174	0
1.40393	-0.0249144	0
1.40593	-0.0206152	0
1.40788	-0.0163201	0
1.40978	-0.0120291	0
1.41163	-0.00774243	0
1.41343	-0.00346015	0
1.41518	0.000817622	0
1.41688	0.00509077	0
1.41854	0.00935922	0
1.42015	0.0136229	0
1.42171	0.0178816	0
1.42322	0.0221354	0
1.42469	0.0263842	0
1.42611	0.030628	0
1.42749	0.0348665	0
1.42882	0.0390999	0
1.43011	0.043328	0
1.43135	0.0475509	0
1.43254	0.0517685	0
1.4337	0.0559807	0
1.43481	0.0601875	0
1.43588	0.0643889	0
1.4369	0.0685849	0
1.43788	0.0727754	0
1.43882	0.0769605	0
1.43972	0.0811402	0
1.44057	0.0853143	0
1.44138	0.089483	0
1.44216	0.0936462	0
1.44289	0.097804	0
1.44358	0.101956	0
1.44422	0.106103	0
1.44483	0.110244	0
1.4454	0.11438	0
1.44593	0.11851	0
1.44642	0.122635	0
1.44686	0.126755	0
1.44727	0.130869	0
1.44764	0.134978	0
1.44797	0.139081	0
1.44826	0.143179	0
1.44851	0.147271	0
1.44872	0.151359	0
1.4489	0.155441	0
1.44903	0.159517	0
1.44913	0.163589	0
1.44918	0.167655	0
1.4492	0.171715	0
1.44918	0.175771	0
1.44912	0.179821	0
1.44902	0.183866	0
1.44889	0.187906	0
1.44871	0.191941	0
1.4485	0.195971	0
1.44825	0.199995	0
1.44796	0.204015	0
1.44764	0.208029	0
1.44727	0.212038	0
1.44687	0.216042	0
1.44643	0.220041	0
1.44595	0.224035	0
1.44543	0.228023	0
1.44487	0.232007	0
1.44428	0.235986	0
1.44364	0.239959	0
1.44297	0.243928	0
1.44226	0.247891	0
1.44151	0.251849	0
1.44072	0.255802	0
1.43989	0.25975	0
1.43903	0.263693	0
1.43812	0.267631	0
1.43718	0.271563	0
1.43619	0.27549	0
1.43517	0.279412	0
1.43411	0.283329	0
1.43301	0.28724	0
1.43186	0.291146	0
1.43068	0.295047	0
1.42946	0.298942	0
1.4282	0.302832	0
1.42689	0.306716	0
1.42555	0.310594	0
1.42416	0.314467	0
1.42274	0.318334	0
1.42127	0.322196	0
1.41976	0.326051	0
1.41821	0.3299	0
1.41662	0.333744	0
1.41498	0.337581	0
1.4133	0.341412	0
1.41158	0.345236	0
1.40982	0.349054	0
1.40801	0.352865	0
1.40616	0.35667	0
1.40427	0.360468	0
1.40233	0.364259	0
1.40035	0.368042	0
1.39832	0.371818	0
1.39625	0.375587	0
1.39413	0.379348	0
1.39197	0.383102	0
1.38976	0.386847	0
1.38751	0.390584	0
1.38521	0.394313	0
1.38286	0.398033	0
1.38047	0.401744	0
1.37802	0.405447	0
1.37553	0.40914	0
1.37299	0.412823	0
1.37041	0.416497	0
1.36777	0.42016	0
1.36508	0.423813	0
1.36235	0.427456	0
1.35956	0.431087	0
1.35672	0.434708	0
1.35384	0.438317	0
1.3509	0.441913	0
1.34791	0.445498	0
1.34486	0.44907	0
1.34177	0.452629	0
1.33862	0.456175	0
1.33542	0.459706	0
1.33216	0.463224	0
1.32885	0.466727	0
1.32549	0.470215	0
1.32207	0.473688	0
1.31859	0.477144	0
1.31506	0.480584	0
1.31148	0.484007	0
1.30783	0.487412	0
1.30413	0.4908	0
1.30037	0.494169	0
1.29655	0.497518	0
1.29268	0.500848	0
1.28874	0.504158	0
1.28475	0.507447	0
1.28069	0.510714	0
1.27658	0.513959	0
1.2724	0.517181	0
1.26816	0.520379	0
1.26386	0.523553	0
1.2595	0.526702	0
1.25508	0.529825	0
1.25059	0.532921	0
1.24604	0.53599	0
1.24143	0.539031	0
1.23675	0.542043	0
1.23201	0.545025	0
1.2272	0.547976	0
1.22233	0.550896	0
1.21739	0.553783	0
1.21239	0.556636	0
1.20732	0.559456	0
1.20218	0.562239	0
1.19698	0.564986	0
1.19171	0.567696	0
1.18637	0.570367	0
1.18097	0.572999	0
1.17549	0.57559	0
1.16995	0.578139	0
1.16434	0.580646	0
1.15866	0.583108	0
1.15292	0.585525	0
1.1471	0.587896	0
1.14121	0.590219	0
1.13526	0.592493	0
1.12923	0.594717	0
1.12314	0.59689	0
1.11698	0.59901	0
1.11074	0.601076	0
1.10444	0.603086	0
1.09807	0.60504	0
1.09163	0.606936	0
1.08512	0.608773	0
1.07854	0.610549	0
1.0719	0.612263	0
1.06518	0.613913	0
1.0584	0.615498	0
1.05154	0.617017	0
1.04462	0.618467	0
1.03764	0.619849	0
1.03058	0.621159	0
1.02346	0.622397	0
1.01628	0.623562	0
1.00903	0.624651	0
1.00171	0.625663	0
0.994327	0.626598	0
0.986882	0.627452	0
0.979375	0.628226	0
0.971805	0.628917	0
0.964174	0.629523	0
0.956482	0.630044	0
0.948731	0.630479	0
0.940921	0.630824	0
0.933053	0.63108	0
0.925128	0.631245	0
0.917148	0.631317	0
0.909114	0.631296	0
0.901026	0.631179	0
0.892886	0.630965	0
0.884695	0.630654	0
0.876454	0.630243	0
0.868165	0.629732	0
0.85983	0.62912	0
0.851449	0.628405	0
0.843024	0.627587	0
0.834557	0.626663	0
0.826049	0.625634	0
0.817501	0.624498	0
0.808916	0.623255	0
0.800295	0.621903	0
0.79164	0.620441	0
0.782952	0.618869	0
0.774234	0.617187	0
0.765486	0.615393	0
0.756711	0.613487	0
0.74791	0.611468	0
0.739086	0.609336	0
0.73024	0.607091	0
0.721375	0.604731	0
0.712491	0.602258	0
0.703591	0.59967	0
0.694676	0.596968	0
0.68575	0.594151	0
0.676813	0.591219	0
0.667867	0.588173	0
0.658914	0.585012	0
0.649957	0.581738	0
0.640996	0.578349	0
0.632035	0.574846	0
0.623074	0.57123	0
0.614115	0.567501	0
0.605161	0.56366	0
0.596213	0.559707	0
0.587272	0.555642	0
0.578341	0.551468	0
0.569421	0.547183	0
0.560513	0.54279	0
0.55162	0.538289	0
0.542742	0.53368	0
0.533882	0.528966	0
0.52504	0.524146	0
0.516219	0.519223	0
0.507419	0.514197	0
0.498642	0.509069	0
0.489889	0.50384	0
0.481161	0.498513	0
0.472459	0.493088	0
0.463785	0.487566	0
0.455139	0.481949	0
0.446523	0.476238	0
0.437938	0.470435	0
0.429383	0.464542	0
0.420861	0.458559	0
0.412371	0.452488	0
0.403915	0.446331	0
0.395493	0.44009	0
0.387105	0.433765	0
0.378753	0.427359	0
0.370436	0.420873	0
0.362155	0.414308	0
0.35391	0.407667	0
0.345702	0.400952	0
0.337531	0.394162	0
0.329396	0.387301	0
0.321298	0.38037	0
0.313238	0.373371	0
0.305214	0.366305	0
0.297227	0.359174	0
0.289276	0.351979	0
0.281362	0.344722	0
0.273485	0.337406	0
0.265643	0.33003	0
0.257837	0.322598	0
0.250066	0.315111	0
0.24233	0.307569	0
0.234628	0.299976	0
0.22696	0.292332	0
0.219325	0.284639	0
0.211722	0.276899	0
0.204152	0.269113	0
0.196612	0.261282	0
0.189103	0.253409	0
0.181624	0.245494	0
0.174173	0.23754	0
0.16675	0.229547	0
0.159355	0.221518	0
0.151985	0.213453	0
0.144641	0.205354	0
0.13732	0.197223	0
0.130023	0.189061	0
0.122748	0.180869	0
0.115494	0.172648	0
0.10826	0.164401	0
0.101044	0.156129	0
0.0938463	0.147832	0
0.0866648	0.139513	0
0.0794986	0.131172	0
0.0723463	0.122811	0
0.0652068	0.114432	0
0.0580787	0.106035	0
0.0509609	0.0976222	0
0.0438519	0.0891947	0
0.0367505	0.0807539	0
0.0296553	0.072301	0
0.022565	0.0638374	0
0.0154782	0.0553643	0
0.00839363	0.0468833	0
0.0013098	0.0383954	0
-0.00577465	0.0299022	0
-0.0128611	0.0214049	0
-0.019951	0.0129048	0
-0.0270458	0.00440335	0
-0.0341469	-0.00409816	0
-0.0412556	-0.0125984	0
-0.0483735	-0.0210959	0
-0.0555019	-0.0295893	0
-0.0626423	-0.0380773	0
-0.0697962	-0.0465584	0
-0.0769649	-0.0550312	0
-0.0841499	-0.0634942	0
-0.0913527	-0.071946	0
-0.0985745	-0.0803852	0
-0.105817	-0.0888102	0
-0.113081	-0.0972194	0
-0.120369	-0.105611	0
-0.127681	-0.113985	0
-0.13502	-0.122338	0
-0.142385	-0.130668	0
-0.14978	-0.138976	0
-0.157205	-0.147257	0
-0.164661	-0.155512	0
-0.172149	-0.163738	0
-0.179672	-0.171934	0
-0.187229	-0.180097	0
-0.194823	-0.188226	0
-0.202455	-0.19632	0
-0.210124	-0.204375	0
-0.217834	-0.212391	0
-0.225584	-0.220365	0
-0.233375	-0.228295	0
-0.24121	-0.236179	0
-0.249088	-0.244016	0
-0.25701	-0.251803	0
-0.264977	-0.259538	0
-0.272991	-0.267219	0
-0.281051	-0.274843	0
-0.289158	-0.282409	0
-0.297313	-0.289915	0
-0.305516	-0.297357	0
-0.313769	-0.304734	0
-0.32207	-0.312043	0
-0.330421	-0.319283	0
-0.338821	-0.32645	0
-0.347271	-0.333543	0
-0.355771	-0.340558	0
-0.36432	-0.347494	0
-0.372919	-0.354348	0
-0.381568	-0.361118	0
-0.390265	-0.3678	0
-0.399011	-0.374394	0
-0.407805	-0.380896	0
-0.416647	-0.387304	0
-0.425535	-0.393616	0
-0.434469	-0.399829	0
-0.443448	-0.40594	0
-0.452471	-0.411949	0
-0.461537	-0.417851	0
-0.470645	-0.423645	0
-0.479793	-0.429329	0
-0.488979	-0.434901	0
-0.498203	-0.440358	0
-0.507463	-0.445699	0
-0.516756	-0.450921	0
-0.526081	-0.456022	0
-0.535437	-0.461001	0
-0.54482	-0.465856	0
-0.55423	-0.470586	0
-0.563663	-0.475188	0
-0.573118	-0.479661	0
-0.582592	-0.484003	0
-0.592082	-0.488215	0
-0.601587	-0.492293	0
-0.611103	-0.496238	0
-0.620629	-0.500048	0
-0.63016	-0.503723	0
-0.639696	-0.507261	0
-0.649232	-0.510662	0
-0.658766	-0.513926	0
-0.668296	-0.517053	0
-0.677819	-0.520041	0
-0.687331	-0.522892	0
-0.69683	-0.525605	0
-0.706313	-0.52818	0
-0.715778	-0.530617	0
-0.725221	-0.532917	0
-0.73464	-0.535081	0
-0.744032	-0.537109	0
-0.753394	-0.539002	0
-0.762724	-0.54076	0
-0.772018	-0.542386	0
-0.781276	-0.543879	0
-0.790493	-0.54524	0
-0.799668	-0.546473	0
-0.808798	-0.547576	0
-0.817881	-0.548553	0
-0.826914	-0.549404	0
-0.835896	-0.550132	0
-0.844824	-0.550737	0
-0.853696	-0.551222	0
-0.862511	-0.551589	0
-0.871266	-0.551839	0
