-0.00932407	-0.00864731	0
-0.0186498	-0.0172926	0
-0.0279804	-0.0259317	0
-0.0373191	-0.0345604	0
-0.0466692	-0.0431748	0
-0.0560338	-0.0517705	0
-0.0654161	-0.0603435	0
-0.0748192	-0.0688894	0
-0.0842462	-0.0774041	0
-0.0937	-0.0858832	0
-0.103183	-0.0943224	0
-0.1127	-0.102717	0
-0.122251	-0.111063	0
-0.13184	-0.119356	0
-0.14147	-0.127592	0
-0.151143	-0.135764	0
-0.16086	-0.14387	0
-0.170625	-0.151903	0
-0.180439	-0.159861	0
-0.190304	-0.167736	0
-0.200222	-0.175525	0
-0.210193	-0.183223	0
-0.22022	-0.190824	0
-0.230303	-0.198323	0
-0.240443	-0.205716	0
-0.250641	-0.212996	0
-0.260896	-0.22016	0
-0.27121	-0.227201	0
-0.281582	-0.234115	0
-0.29201	-0.240896	0
-0.302496	-0.247539	0
-0.313037	-0.254038	0
-0.323633	-0.26039	0
-0.334281	-0.266588	0
-0.34498	-0.272627	0
-0.355728	-0.278504	0
-0.366522	-0.284212	0
-0.377359	-0.289748	0
-0.388237	-0.295106	0
-0.399152	-0.300283	0
-0.410099	-0.305275	0
-0.421076	-0.310077	0
-0.432078	-0.314686	0
-0.443101	-0.319098	0
-0.45414	-0.32331	0
-0.465189	-0.32732	0
-0.476245	-0.331125	0
-0.487301	-0.334723	0
-0.498352	-0.338111	0
-0.509392	-0.341288	0
-0.520417	-0.344254	0
-0.531419	-0.347006	0
-0.542393	-0.349545	0
-0.553333	-0.351871	0
-0.564234	-0.353984	0
-0.575089	-0.355884	0
-0.585892	-0.357572	0
-0.596638	-0.35905	0
-0.60732	-0.36032	0
-0.617934	-0.361383	0
-0.628474	-0.362241	0
-0.638934	-0.362898	0
-0.649309	-0.363356	0
-0.659594	-0.363618	0
-0.669785	-0.363688	0
-0.679877	-0.36357	0
-0.689866	-0.363267	0
-0.699747	-0.362783	0
-0.709516	-0.362122	0
-0.719171	-0.36129	0
-0.728708	-0.36029	0
-0.738123	-0.359126	0
-0.747414	-0.357805	0
-0.756579	-0.35633	0
-0.765614	-0.354706	0
-0.774518	-0.352937	0
-0.78329	-0.35103	0
-0.791927	-0.348989	0
-0.800428	-0.346817	0
-0.808792	-0.344521	0
-0.817019	-0.342105	0
-0.825106	-0.339574	0
-0.833055	-0.336932	0
-0.840864	-0.334183	0
-0.848534	-0.331333	0
-0.856064	-0.328385	0
-0.863455	-0.325344	0
-0.870706	-0.322215	0
-0.877819	-0.319	0
-0.884794	-0.315704	0
-0.891632	-0.312332	0
-0.898333	-0.308885	0
-0.904899	-0.305369	0
-0.91133	-0.301787	0
-0.917627	-0.298142	0
-0.923792	-0.294437	0
-0.929826	-0.290675	0
-0.93573	-0.28686	0
-0.941506	-0.282994	0
-0.947154	-0.27908	0
-0.952677	-0.275121	0
-0.958076	-0.27112	0
-0.963351	-0.267078	0
-0.968506	-0.262998	0
-0.97354	-0.258882	0
-0.978457	-0.254733	0
-0.983257	-0.250553	0
-0.987941	-0.246343	0
-0.992512	-0.242105	0
-0.996971	-0.237841	0
-1.00132	-0.233553	0
-1.00556	-0.229243	0
-1.00969	-0.224911	0
-1.01372	-0.220559	0
-1.01764	-0.216189	0
-1.02146	-0.211801	0
-1.02518	-0.207398	0
-1.02879	-0.20298	0
-1.03231	-0.198547	0
-1.03574	-0.194103	0
-1.03906	-0.189646	0
-1.04229	-0.185178	0
-1.04543	-0.180701	0
-1.04848	-0.176214	0
-1.05143	-0.171718	0
-1.0543	-0.167214	0
-1.05708	-0.162703	0
-1.05977	-0.158185	0
-1.06237	-0.153661	0
-1.06489	-0.149131	0
-1.06733	-0.144597	0
-1.06969	-0.140057	0
-1.07196	-0.135513	0
-1.07415	-0.130964	0
-1.07626	-0.126412	0
-1.07829	-0.121857	0
-1.08025	-0.117298	0
-1.08212	-0.112737	0
-1.08392	-0.108172	0
-1.08565	-0.103606	0
-1.0873	-0.0990366	0
-1.08887	-0.0944653	0
-1.09038	-0.089892	0
-1.0918	-0.0853167	0
-1.09316	-0.0807395	0
-1.09444	-0.0761606	0
-1.09565	-0.07158	0
-1.0968	-0.0669978	0
-1.09787	-0.0624139	0
-1.09886	-0.0578285	0
-1.09979	-0.0532415	0
-1.10065	-0.048653	0
-1.10144	-0.044063	0
-1.10217	-0.0394714	0
-1.10282	-0.0348783	0
-1.1034	-0.0302836	0
-1.10391	-0.0256874	0
-1.10436	-0.0210896	0
-1.10474	-0.0164901	0
-1.10505	-0.0118891	0
-1.10529	-0.00728641	0
-1.10546	-0.00268206	0
-1.10556	0.00192395	0
-1.10559	0.00653166	0
-1.10556	0.0111411	0
-1.10545	0.0157521	0
-1.10528	0.0203649	0
-1.10503	0.0249794	0
-1.10472	0.0295955	0
-1.10433	0.0342132	0
-1.10388	0.0388325	0
-1.10335	0.0434534	0
-1.10275	0.0480757	0
-1.10208	0.0526994	0
-1.10134	0.0573244	0
-1.10052	0.0619506	0
-1.09963	0.0665779	0
-1.09866	0.071206	0
-1.09762	0.0758349	0
-1.09651	0.0804644	0
-1.09532	0.0850943	0
-1.09405	0.0897242	0
-1.0927	0.094354	0
-1.09127	0.0989835	0
-1.08977	0.103612	0
-1.08818	0.10824	0
-1.08651	0.112866	0
-1.08476	0.117491	0
-1.08293	0.122113	0
-1.08101	0.126732	0
-1.07901	0.131349	0
-1.07692	0.135961	0
-1.07474	0.140569	0
-1.07248	0.145173	0
-1.07013	0.149771	0
-1.06768	0.154362	0
-1.06514	0.158947	0
-1.06251	0.163523	0
-1.05979	0.168091	0
-1.05697	0.17265	0
-1.05406	0.177198	0
-1.05104	0.181734	0
-1.04793	0.186258	0
-1.04472	0.190768	0
-1.04141	0.195264	0
-1.03799	0.199743	0
-1.03447	0.204205	0
-1.03084	0.208648	0
-1.02711	0.213071	0
-1.02327	0.217473	0
-1.01931	0.221851	0
-1.01525	0.226204	0
-1.01108	0.230531	0
-1.00679	0.234829	0
-1.00239	0.239098	0
-0.997876	0.243334	0
-0.993242	0.247535	0
-0.98849	0.251701	0
-0.983619	0.255828	0
-0.978627	0.259914	0
-0.973514	0.263957	0
-0.968279	0.267954	0
-0.96292	0.271903	0
-0.957436	0.275802	0
-0.951827	0.279647	0
-0.946092	0.283436	0
-0.94023	0.287166	0
-0.93424	0.290834	0
-0.928122	0.294438	0
-0.921875	0.297973	0
-0.915499	0.301436	0
-0.908994	0.304826	0
-0.902359	0.308137	0
-0.895593	0.311368	0
-0.888698	0.314513	0
-0.881674	0.317571	0
-0.874519	0.320537	0
-0.867236	0.323408	0
-0.859824	0.326179	0
-0.852284	0.328848	0
-0.844617	0.331411	0
-0.836824	0.333864	0
-0.828905	0.336203	0
-0.820863	0.338425	0
-0.812698	0.340525	0
-0.804413	0.3425	0
-0.796009	0.344347	0
-0.787488	0.346062	0
-0.778852	0.34764	0
-0.770103	0.349079	0
-0.761244	0.350376	0
-0.752278	0.351526	0
-0.743208	0.352527	0
-0.734035	0.353375	0
-0.724764	0.354067	0
-0.715398	0.3546	0
-0.70594	0.354973	0
-0.696394	0.355181	0
-0.686763	0.355222	0
-0.677052	0.355095	0
-0.667264	0.354797	0
-0.657404	0.354326	0
-0.647475	0.353681	0
-0.637482	0.35286	0
-0.627429	0.351861	0
-0.617321	0.350684	0
-0.607161	0.349329	0
-0.596955	0.347793	0
-0.586706	0.346078	0
-0.57642	0.344182	0
-0.5661	0.342106	0
-0.555752	0.339851	0
-0.545379	0.337417	0
-0.534985	0.334805	0
-0.524575	0.332015	0
-0.514154	0.329049	0
-0.503724	0.325909	0
-0.493291	0.322597	0
-0.482857	0.319113	0
-0.472427	0.315461	0
-0.462004	0.311642	0
-0.451592	0.307659	0
-0.441193	0.303515	0
-0.430811	0.299212	0
-0.420448	0.294753	0
-0.410108	0.290141	0
-0.399793	0.28538	0
-0.389505	0.280472	0
-0.379247	0.275421	0
-0.36902	0.270231	0
-0.358827	0.264904	0
-0.348668	0.259445	0
-0.338546	0.253857	0
-0.328462	0.248144	0
-0.318416	0.242309	0
-0.30841	0.236357	0
-0.298444	0.230291	0
-0.288519	0.224114	0
-0.278635	0.217831	0
-0.268793	0.211446	0
-0.258993	0.204962	0
-0.249234	0.198383	0
-0.239516	0.191713	0
-0.22984	0.184955	0
-0.220203	0.178114	0
-0.210607	0.171192	0
-0.201049	0.164195	0
-0.19153	0.157124	0
-0.182048	0.149985	0
-0.172601	0.142781	0
-0.16319	0.135514	0
-0.153812	0.128189	0
-0.144467	0.120809	0
-0.135152	0.113377	0
-0.125866	0.105898	0
-0.116608	0.0983735	0
-0.107376	0.0908077	0
-0.0981682	0.0832037	0
-0.0889827	0.0755649	0
-0.0798177	0.0678944	0
-0.0706715	0.0601954	0
-0.061542	0.052471	0
-0.0524273	0.0447245	0
-0.0433255	0.0369589	0
-0.0342345	0.0291774	0
-0.0251523	0.0213829	0
-0.0160769	0.0135786	0
-0.00700617	0.00576741	0
0.00206186	-0.00204754	0
0.0111293	-0.00986326	0
0.0201981	-0.0176768	0
0.0292705	-0.025485	0
0.0383483	-0.033285	0
0.0474337	-0.0410738	0
0.0565286	-0.0488484	0
0.0656351	-0.0566057	0
0.0747549	-0.0643427	0
0.0838901	-0.0720565	0
0.0930425	-0.0797439	0
0.102214	-0.0874021	0
0.111406	-0.0950278	0
0.120621	-0.102618	0
0.12986	-0.11017	0
0.139125	-0.11768	0
0.148417	-0.125145	0
0.157738	-0.132562	0
0.167089	-0.139928	0
0.176472	-0.14724	0
0.185887	-0.154494	0
0.195337	-0.161688	0
0.204821	-0.168818	0
0.214341	-0.17588	0
0.223899	-0.182872	0
0.233493	-0.18979	0
0.243127	-0.196631	0
0.252798	-0.203392	0
0.262509	-0.210069	0
0.27226	-0.216659	0
0.28205	-0.223158	0
0.29188	-0.229564	0
0.30175	-0.235873	0
0.311658	-0.242081	0
0.321606	-0.248186	0
0.331593	-0.254183	0
0.341617	-0.260071	0
0.351679	-0.265845	0
0.361776	-0.271502	0
0.371909	-0.27704	0
0.382075	-0.282455	0
0.392274	-0.287744	0
0.402504	-0.292903	0
0.412763	-0.297932	0
0.42305	-0.302825	0
0.433362	-0.307581	0
0.443697	-0.312197	0
0.454053	-0.316671	0
0.464428	-0.320999	0
0.474819	-0.32518	0
0.485224	-0.329212	0
0.495639	-0.333091	0
0.506062	-0.336817	0
0.51649	-0.340388	0
0.52692	-0.343801	0
0.537348	-0.347056	0
0.547771	-0.350151	0
0.558186	-0.353085	0
0.568589	-0.355857	0
0.578977	-0.358465	0
0.589346	-0.36091	0
0.599693	-0.363191	0
0.610014	-0.365307	0
0.620305	-0.367259	0
0.630563	-0.369046	0
0.640784	-0.370669	0
0.650964	-0.372128	0
0.661099	-0.373423	0
0.671187	-0.374556	0
0.681222	-0.375527	0
0.691203	-0.376338	0
0.701125	-0.376989	0
0.710984	-0.377483	0
0.720778	-0.37782	0
0.730503	-0.378002	0
0.740156	-0.378032	0
0.749734	-0.377911	0
0.759234	-0.377641	0
0.768652	-0.377225	0
0.777986	-0.376665	0
0.787234	-0.375963	0
0.796393	-0.375122	0
0.805459	-0.374145	0
0.814432	-0.373034	0
0.823309	-0.371792	0
0.832087	-0.370422	0
0.840765	-0.368927	0
0.849341	-0.36731	0
0.857813	-0.365574	0
0.86618	-0.363722	0
0.87444	-0.361756	0
0.882592	-0.359681	0
0.890635	-0.357499	0
0.898567	-0.355213	0
0.906389	-0.352826	0
0.914098	-0.350341	0
0.921694	-0.347762	0
0.929177	-0.345091	0
0.936546	-0.342331	0
0.943801	-0.339486	0
0.950941	-0.336559	0
0.957967	-0.333551	0
0.964877	-0.330467	0
0.971673	-0.327309	0
0.978355	-0.32408	0
0.984921	-0.320782	0
0.991373	-0.317418	0
0.997712	-0.313991	0
1.00394	-0.310504	0
1.01005	-0.306959	0
1.01605	-0.303357	0
1.02193	-0.299703	0
1.02771	-0.295998	0
1.03337	-0.292244	0
1.03893	-0.288444	0
1.04437	-0.284599	0
1.04971	-0.280713	0
1.05494	-0.276786	0
1.06006	-0.272821	0
1.06507	-0.26882	0
1.06998	-0.264784	0
1.07479	-0.260716	0
1.07949	-0.256616	0
1.08409	-0.252488	0
1.08859	-0.248332	0
1.09299	-0.244149	0
1.0973	-0.239942	0
1.1015	-0.235712	0
1.1056	-0.23146	0
1.10961	-0.227188	0
1.11353	-0.222896	0
1.11735	-0.218586	0
1.12108	-0.21426	0
1.12471	-0.209918	0
1.12826	-0.205561	0
1.13172	-0.20119	0
1.13508	-0.196807	0
1.13836	-0.192412	0
1.14156	-0.188006	0
1.14466	-0.183591	0
1.14769	-0.179166	0
1.15063	-0.174733	0
1.15348	-0.170292	0
1.15626	-0.165845	0
1.15895	-0.161391	0
1.16157	-0.156932	0
1.1641	-0.152467	0
1.16656	-0.147998	0
1.16894	-0.143525	0
1.17125	-0.139049	0
1.17348	-0.13457	0
1.17564	-0.130088	0
1.17772	-0.125605	0
1.17973	-0.121119	0
1.18167	-0.116633	0
1.18353	-0.112145	0
1.18533	-0.107657	0
1.18706	-0.103169	0
1.18871	-0.0986802	0
1.1903	-0.0941921	0
1.19183	-0.0897045	0
1.19328	-0.0852176	0
1.19467	-0.0807316	0
1.19599	-0.0762468	0
1.19725	-0.0717634	0
1.19844	-0.0672814	0
1.19957	-0.0628011	0
1.20064	-0.0583225	0
1.20164	-0.0538458	0
1.20259	-0.0493712	0
1.20347	-0.0448986	0
1.20428	-0.0404283	0
1.20504	-0.0359602	0
1.20574	-0.0314945	0
1.20637	-0.0270311	0
1.20695	-0.0225703	0
1.20747	-0.0181119	0
1.20793	-0.013656	0
1.20832	-0.00920268	0
1.20867	-0.00475193	0
1.20895	-0.000303774	0
1.20917	0.00414179	0
1.20934	0.00858474	0
1.20945	0.0130251	0
1.2095	0.0174629	0
1.2095	0.021898	0
1.20943	0.0263306	0
1.20931	0.0307606	0
1.20914	0.0351881	0
1.20891	0.039613	0
1.20862	0.0440355	0
1.20827	0.0484554	0
1.20787	0.0528729	0
1.20741	0.0572879	0
1.20689	0.0617004	0
1.20632	0.0661106	0
1.20569	0.0705183	0
1.20501	0.0749237	0
1.20426	0.0793266	0
1.20346	0.0837273	0
1.20261	0.0881255	0
1.20169	0.0925215	0
1.20072	0.096915	0
1.19969	0.101306	0
1.1986	0.105695	0
1.19746	0.110082	0
1.19625	0.114466	0
1.19499	0.118847	0
1.19366	0.123226	0
1.19228	0.127603	0
1.19084	0.131977	0
1.18934	0.136349	0
1.18777	0.140717	0
1.18615	0.145083	0
1.18447	0.149447	0
1.18272	0.153807	0
1.18091	0.158164	0
1.17903	0.162518	0
1.1771	0.166868	0
1.1751	0.171216	0
1.17303	0.175559	0
1.1709	0.179899	0
1.1687	0.184234	0
1.16644	0.188566	0
1.16411	0.192892	0
1.16171	0.197215	0
1.15924	0.201532	0
1.1567	0.205843	0
1.1541	0.21015	0
1.15142	0.21445	0
1.14867	0.218744	0
1.14584	0.223031	0
1.14295	0.227311	0
1.13998	0.231584	0
1.13693	0.235848	0
1.13381	0.240104	0
1.1306	0.244351	0
1.12733	0.248588	0
1.12397	0.252815	0
1.12053	0.257031	0
1.11701	0.261235	0
1.11341	0.265427	0
1.10972	0.269607	0
1.10595	0.273772	0
1.1021	0.277923	0
1.09815	0.282058	0
1.09412	0.286176	0
1.09	0.290277	0
1.08579	0.29436	0
1.08149	0.298423	0
1.07709	0.302465	0
1.07261	0.306485	0
1.06802	0.310482	0
1.06334	0.314454	0
1.05856	0.318401	0
1.05368	0.32232	0
1.04871	0.32621	0
1.04363	0.330069	0
1.03844	0.333896	0
1.03316	0.337689	0
1.02776	0.341446	0
1.02226	0.345166	0
1.01666	0.348846	0
1.01094	0.352484	0
1.00511	0.356078	0
0.999176	0.359625	0
0.993125	0.363124	0
0.986961	0.366572	0
0.980681	0.369967	0
0.974286	0.373305	0
0.967774	0.376584	0
0.961144	0.379802	0
0.954395	0.382955	0
0.947527	0.38604	0
0.940538	0.389054	0
0.933428	0.391994	0
0.926197	0.394857	0
0.918844	0.397639	0
0.911369	0.400337	0
0.903771	0.402947	0
0.896051	0.405466	0
0.888207	0.407889	0
0.880241	0.410212	0
0.872153	0.412433	0
0.863942	0.414547	0
0.855611	0.416549	0
0.847158	0.418437	0
0.838586	0.420204	0
0.829895	0.421848	0
0.821087	0.423365	0
0.812163	0.424749	0
0.803125	0.425997	0
0.793974	0.427104	0
0.784714	0.428066	0
0.775345	0.428879	0
0.765871	0.42954	0
0.756295	0.430043	0
0.746619	0.430384	0
0.736847	0.430561	0
0.726982	0.430569	0
0.717027	0.430405	0
0.706988	0.430065	0
0.696867	0.429546	0
0.686669	0.428844	0
0.676399	0.427958	0
0.666061	0.426884	0
0.65566	0.425619	0
0.6452	0.424163	0
0.634688	0.422512	0
0.624127	0.420665	0
0.613524	0.418621	0
0.602883	0.416379	0
0.592211	0.413939	0
0.581512	0.411299	0
0.570791	0.40846	0
0.560055	0.405421	0
0.549309	0.402185	0
0.538558	0.39875	0
0.527807	0.39512	0
0.517061	0.391294	0
0.506325	0.387275	0
0.495605	0.383065	0
0.484904	0.378667	0
0.474228	0.374082	0
0.463581	0.369314	0
0.452967	0.364366	0
0.442389	0.359241	0
0.431852	0.353942	0
0.421358	0.348474	0
0.410912	0.34284	0
0.400516	0.337044	0
0.390172	0.33109	0
0.379884	0.324982	0
0.369653	0.318725	0
0.359481	0.312323	0
0.34937	0.305781	0
0.339322	0.299102	0
0.329337	0.292292	0
0.319417	0.285355	0
0.309562	0.278295	0
0.299772	0.271117	0
0.290049	0.263826	0
0.280391	0.256425	0
0.2708	0.24892	0
0.261273	0.241314	0
0.251812	0.233613	0
0.242415	0.225819	0
0.233081	0.217938	0
0.22381	0.209974	0
0.214599	0.20193	0
0.205448	0.19381	0
0.196356	0.185619	0
0.18732	0.17736	0
0.178339	0.169037	0
0.169412	0.160654	0
0.160536	0.152214	0
0.151709	0.14372	0
0.142929	0.135176	0
0.134194	0.126586	0
0.125502	0.117953	0
0.11685	0.109279	0
0.108237	0.100568	0
0.0996591	0.0918237	0
0.0911147	0.0830481	0
0.0826011	0.0742446	0
0.0741158	0.0654159	0
0.0656562	0.056565	0
0.0572198	0.0476947	0
0.0488039	0.0388077	0
0.0404059	0.0299067	0
0.0320232	0.0209945	0
0.0236532	0.0120737	0
0.0152932	0.00314681	0
0.00694059	-0.00578341	0
-0.00140727	-0.0147144	0
-0.00975303	-0.0236436	0
-0.0180993	-0.0325685	0
-0.0264487	-0.0414864	0
-0.0348037	-0.0503949	0
-0.0431671	-0.0592912	0
-0.0515412	-0.068173	0
-0.0599287	-0.0770376	0
-0.068332	-0.0858824	0
-0.0767535	-0.0947048	0
-0.0851957	-0.103502	0
-0.093661	-0.112272	0
-0.102152	-0.121011	0
-0.11067	-0.129717	0
-0.119218	-0.138388	0
-0.127798	-0.14702	0
-0.136412	-0.15561	0
-0.145062	-0.164157	0
-0.15375	-0.172656	0
-0.162478	-0.181105	0
-0.171248	-0.189501	0
-0.180061	-0.197841	0
-0.188919	-0.206122	0
-0.197824	-0.214341	0
-0.206777	-0.222495	0
-0.215779	-0.23058	0
-0.224832	-0.238593	0
-0.233936	-0.246532	0
-0.243093	-0.254392	0
-0.252303	-0.262171	0
-0.261567	-0.269865	0
-0.270886	-0.27747	0
-0.28026	-0.284983	0
-0.289689	-0.292402	0
-0.299174	-0.299721	0
-0.308715	-0.306939	0
-0.318311	-0.31405	0
-0.327961	-0.321053	0
-0.337666	-0.327943	0
-0.347426	-0.334717	0
-0.357237	-0.341372	0
-0.367101	-0.347904	0
-0.377016	-0.354309	0
-0.38698	-0.360586	0
-0.396992	-0.366729	0
-0.407049	-0.372736	0
-0.417151	-0.378605	0
-0.427295	-0.384331	0
-0.437479	-0.389913	0
-0.4477	-0.395346	0
-0.457957	-0.40063	0
-0.468245	-0.40576	0
-0.478562	-0.410735	0
-0.488906	-0.415552	0
-0.499272	-0.42021	0
-0.509659	-0.424706	0
-0.520061	-0.429038	0
-0.530477	-0.433205	0
-0.540901	-0.437205	0
-0.551331	-0.441038	0
-0.561763	-0.444702	0
-0.572193	-0.448196	0
-0.582616	-0.451521	0
-0.59303	-0.454674	0
-0.603429	-0.457656	0
-0.613811	-0.460468	0
-0.62417	-0.463108	0
-0.634504	-0.465579	0
-0.644808	-0.467879	0
-0.655078	-0.470011	0
-0.66531	-0.471975	0
-0.675501	-0.473772	0
-0.685646	-0.475403	0
-0.695743	-0.476871	0
-0.705787	-0.478176	0
-0.715775	-0.479321	0
-0.725704	-0.480307	0
-0.73557	-0.481137	0
-0.74537	-0.481814	0
-0.755102	-0.482338	0
-0.764762	-0.482714	0
-0.774347	-0.482943	0
-0.783855	-0.483029	0
-0.793284	-0.482973	0
-0.802631	-0.48278	0
-0.811893	-0.482451	0
-0.821069	-0.481991	0
-0.830157	-0.481401	0
-0.839155	-0.480685	0
-0.848062	-0.479846	0
-0.856875	-0.478887	0
-0.865594	-0.477811	0
-0.874217	-0.476622	0
-0.882743	-0.475323	0
-0.891171	-0.473915	0
-0.8995	-0.472404	0
-0.90773	-0.470792	0
-0.91586	-0.469081	0
-0.923889	-0.467275	0
-0.931816	-0.465377	0
-0.939643	-0.46339	0
-0.947368	-0.461317	0
-0.954991	-0.45916	0
-0.962512	-0.456922	0
-0.969931	-0.454606	0
-0.977249	-0.452216	0
-0.984465	-0.449752	0
-0.99158	-0.447219	0
-0.998594	-0.444618	0
-1.00551	-0.441952	0
-1.01232	-0.439224	0
-1.01903	-0.436435	0
-1.02565	-0.433588	0
-1.03217	-0.430685	0
-1.03858	-0.427728	0
-1.04491	-0.42472	0
-1.05113	-0.421662	0
-1.05726	-0.418557	0
-1.06329	-0.415406	0
-1.06923	-0.41221	0
-1.07508	-0.408973	0
-1.08083	-0.405695	0
-1.0865	-0.402379	0
-1.09207	-0.399025	0
-1.09755	-0.395636	0
-1.10294	-0.392212	0
-1.10825	-0.388756	0
-1.11346	-0.385269	0
-1.11859	-0.381751	0
-1.12364	-0.378205	0
-1.1286	-0.374631	0
-1.13348	-0.371031	0
-1.13827	-0.367406	0
-1.14299	-0.363757	0
-1.14762	-0.360085	0
-1.15217	-0.35639	0
-1.15664	-0.352675	0
-1.16104	-0.34894	0
-1.16536	-0.345185	0
-1.1696	-0.341412	0
-1.17377	-0.337622	0
-1.17786	-0.333814	0
-1.18188	-0.329991	0
-1.18582	-0.326153	0
-1.18969	-0.322299	0
-1.1935	-0.318432	0
-1.19723	-0.314551	0
-1.20089	-0.310658	0
-1.20448	-0.306752	0
-1.20801	-0.302835	0
-1.21147	-0.298907	0
-1.21486	-0.294968	0
-1.21819	-0.291018	0
-1.22145	-0.287059	0
-1.22464	-0.283091	0
-1.22778	-0.279113	0
-1.23085	-0.275127	0
-1.23386	-0.271133	0
-1.2368	-0.267131	0
-1.23969	-0.263121	0
-1.24251	-0.259104	0
-1.24528	-0.255079	0
-1.24798	-0.251049	0
-1.25063	-0.247011	0
-1.25322	-0.242968	0
-1.25575	-0.238918	0
-1.25823	-0.234862	0
-1.26065	-0.230801	0
-1.26301	-0.226734	0
-1.26532	-0.222662	0
-1.26757	-0.218585	0
-1.26977	-0.214503	0
-1.27191	-0.210416	0
-1.274	-0.206324	0
-1.27603	-0.202228	0
-1.27802	-0.198127	0
-1.27995	-0.194022	0
-1.28183	-0.189912	0
-1.28365	-0.185798	0
-1.28543	-0.18168	0
-1.28715	-0.177558	0
-1.28883	-0.173432	0
-1.29045	-0.169301	0
-1.29202	-0.165167	0
-1.29354	-0.161029	0
-1.29502	-0.156887	0
-1.29644	-0.152741	0
-1.29781	-0.148591	0
-1.29914	-0.144437	0
-1.30041	-0.14028	0
-1.30164	-0.136119	0
-1.30282	-0.131954	0
-1.30395	-0.127785	0
-1.30503	-0.123613	0
-1.30606	-0.119436	0
-1.30704	-0.115256	0
-1.30798	-0.111072	0
-1.30887	-0.106885	0
-1.30971	-0.102693	0
-1.3105	-0.0984979	0
-1.31125	-0.0942988	0
-1.31194	-0.0900959	0
-1.31259	-0.0858892	0
-1.31319	-0.0816786	0
-1.31375	-0.0774641	0
-1.31425	-0.0732458	0
-1.31471	-0.0690236	0
-1.31512	-0.0647974	0
-1.31548	-0.0605674	0
-1.31579	-0.0563334	0
-1.31606	-0.0520955	0
-1.31627	-0.0478537	0
-1.31644	-0.0436079	0
-1.31656	-0.0393582	0
-1.31663	-0.0351045	0
-1.31665	-0.030847	0
-1.31662	-0.0265854	0
-1.31655	-0.02232	0
-1.31642	-0.0180507	0
-1.31624	-0.0137775	0
-1.31601	-0.00950037	0
-1.31574	-0.00521945	0
-1.31541	-0.000934729	0
-1.31503	0.00335376	0
-1.3146	0.00764597	0
-1.31412	0.0119419	0
-1.31359	0.0162414	0
-1.313	0.0205444	0
-1.31236	0.024851	0
-1.31167	0.029161	0
-1.31093	0.0334743	0
-1.31013	0.0377908	0
-1.30928	0.0421105	0
-1.30837	0.0464332	0
-1.30741	0.0507589	0
-1.3064	0.0550873	0
-1.30532	0.0594184	0
-1.3042	0.063752	0
-1.30301	0.0680879	0
-1.30177	0.0724261	0
-1.30047	0.0767662	0
-1.29912	0.0811082	0
-1.2977	0.0854517	0
-1.29623	0.0897966	0
-1.29469	0.0941427	0
-1.2931	0.0984898	0
-1.29144	0.102837	0
-1.28972	0.107185	0
-1.28794	0.111534	0
-1.2861	0.115881	0
-1.2842	0.120229	0
-1.28223	0.124575	0
-1.2802	0.128921	0
-1.2781	0.133264	0
-1.27594	0.137606	0
-1.27371	0.141945	0
-1.27141	0.146281	0
-1.26905	0.150615	0
-1.26661	0.154944	0
-1.26411	0.159269	0
-1.26154	0.163589	0
-1.2589	0.167904	0
-1.25618	0.172213	0
-1.2534	0.176515	0
-1.25054	0.180811	0
-1.24761	0.185099	0
-1.2446	0.189378	0
-1.24152	0.193648	0
-1.23837	0.197908	0
-1.23514	0.202158	0
-1.23183	0.206397	0
-1.22844	0.210623	0
-1.22497	0.214837	0
-1.22143	0.219036	0
-1.21781	0.223221	0
-1.2141	0.22739	0
-1.21032	0.231543	0
-1.20645	0.235678	0
-1.2025	0.239795	0
-1.19846	0.243892	0
-1.19434	0.247968	0
-1.19014	0.252023	0
-1.18585	0.256054	0
-1.18148	0.260062	0
-1.17701	0.264044	0
-1.17246	0.267999	0
-1.16783	0.271927	0
-1.1631	0.275825	0
-1.15828	0.279693	0
-1.15338	0.283528	0
-1.14838	0.287331	0
-1.1433	0.291098	0
-1.13812	0.294829	0
-1.13285	0.298523	0
-1.12748	0.302177	0
-1.12203	0.305789	0
-1.11648	0.30936	0
-1.11084	0.312886	0
-1.10511	0.316365	0
-1.09928	0.319798	0
-1.09335	0.32318	0
-1.08734	0.326512	0
-1.08122	0.32979	0
-1.07502	0.333014	0
-1.06872	0.33618	0
-1.06232	0.339288	0
-1.05583	0.342336	0
-1.04925	0.345321	0
-1.04257	0.348241	0
-1.0358	0.351096	0
-1.02893	0.353882	0
-1.02197	0.356597	0
-1.01492	0.35924	0
-1.00778	0.361809	0
-1.00054	0.364301	0
-0.993212	0.366715	0
-0.985793	0.369049	0
-0.978284	0.3713	0
-0.970686	0.373467	0
-0.963	0.375547	0
-0.955227	0.377539	0
-0.947367	0.379441	0
-0.939421	0.38125	0
-0.931392	0.382965	0
-0.923279	0.384583	0
-0.915085	0.386104	0
-0.90681	0.387525	0
-0.898456	0.388843	0
-0.890025	0.390059	0
-0.881518	0.391169	0
-0.872936	0.392172	0
-0.864282	0.393067	0
-0.855556	0.393852	0
-0.846762	0.394524	0
-0.8379	0.395084	0
-0.828972	0.395529	0
-0.819981	0.395859	0
-0.810929	0.396071	0
-0.801817	0.396165	0
-0.792648	0.39614	0
-0.783423	0.395994	0
-0.774146	0.395726	0
-0.764818	0.395337	0
-0.755441	0.394824	0
-0.746017	0.394187	0
-0.73655	0.393426	0
-0.72704	0.39254	0
-0.717492	0.391529	0
-0.707906	0.390392	0
-0.698285	0.389129	0
-0.688632	0.387739	0
-0.678948	0.386224	0
-0.669237	0.384582	0
-0.6595	0.382815	0
-0.64974	0.380921	0
-0.639959	0.378902	0
-0.630159	0.376758	0
-0.620343	0.374489	0
-0.610512	0.372096	0
-0.60067	0.369579	0
-0.590817	0.36694	0
-0.580956	0.364179	0
-0.571089	0.361298	0
-0.561218	0.358296	0
-0.551345	0.355175	0
-0.541472	0.351937	0
-0.531601	0.348582	0
-0.521733	0.345112	0
-0.51187	0.341528	0
-0.502014	0.337831	0
-0.492165	0.334024	0
-0.482327	0.330107	0
-0.4725	0.326082	0
-0.462685	0.321951	0
-0.452883	0.317716	0
-0.443097	0.313378	0
-0.433327	0.308939	0
-0.423573	0.3044	0
-0.413838	0.299764	0
-0.404122	0.295033	0
-0.394425	0.290208	0
-0.384749	0.285292	0
-0.375094	0.280286	0
-0.365461	0.275192	0
-0.355849	0.270013	0
-0.346261	0.26475	0
-0.336695	0.259406	0
-0.327153	0.253982	0
-0.317634	0.248481	0
-0.308139	0.242904	0
-0.298668	0.237254	0
-0.28922	0.231533	0
-0.279796	0.225743	0
-0.270395	0.219886	0
-0.261018	0.213965	0
-0.251664	0.20798	0
-0.242332	0.201935	0
-0.233023	0.195832	0
-0.223736	0.189672	0
-0.21447	0.183458	0
-0.205225	0.177191	0
-0.196001	0.170875	0
-0.186796	0.16451	0
-0.17761	0.158099	0
-0.168442	0.151645	0
-0.159292	0.145149	0
-0.150158	0.138613	0
-0.14104	0.132039	0
-0.131936	0.12543	0
-0.122847	0.118787	0
-0.11377	0.112113	0
-0.104705	0.105409	0
-0.0956508	0.0986778	0
-0.0866062	0.0919211	0
-0.0775701	0.0851412	0
-0.0685413	0.0783398	0
-0.0595188	0.0715192	0
-0.0505012	0.0646814	0
-0.0414874	0.0578283	0
-0.0324762	0.0509621	0
-0.0234663	0.0440847	0
-0.0144563	0.0371982	0
-0.00544515	0.0303048	0
0.00356857	0.0234063	0
0.0125861	0.016505	0
0.0216089	0.00960283	0
0.030638	0.00270194	0
0.039675	-0.00419556	0
0.0487211	-0.0110876	0
0.0577775	-0.017972	0
0.0668457	-0.0248466	0
0.0759268	-0.0317094	0
0.0850223	-0.038558	0
0.0941333	-0.0453903	0
0.103261	-0.0522041	0
0.112407	-0.0589972	0
0.121573	-0.0657673	0
0.130758	-0.0725121	0
0.139966	-0.0792293	0
0.149196	-0.0859165	0
0.158451	-0.0925715	0
0.16773	-0.0991918	0
0.177036	-0.105775	0
0.186369	-0.112319	0
0.19573	-0.118821	0
0.20512	-0.125278	0
0.21454	-0.131688	0
0.223991	-0.138049	0
0.233473	-0.144357	0
0.242987	-0.150611	0
0.252535	-0.156808	0
0.262116	-0.162945	0
0.271731	-0.169018	0
0.28138	-0.175027	0
0.291064	-0.180967	0
0.300784	-0.186837	0
0.310538	-0.192633	0
0.320328	-0.198352	0
0.330154	-0.203993	0
0.340014	-0.209551	0
0.34991	-0.215024	0
0.359841	-0.22041	0
0.369807	-0.225706	0
0.379806	-0.230908	0
0.389839	-0.236014	0
0.399905	-0.241021	0
0.410002	-0.245926	0
0.420131	-0.250728	0
0.430289	-0.255422	0
0.440477	-0.260006	0
0.450692	-0.264477	0
0.460933	-0.268834	0
0.471198	-0.273073	0
0.481487	-0.277191	0
0.491796	-0.281187	0
0.502125	-0.285058	0
0.512471	-0.288802	0
0.522832	-0.292416	0
0.533207	-0.295898	0
0.543591	-0.299247	0
0.553984	-0.30246	0
0.564382	-0.305536	0
0.574783	-0.308472	0
0.585184	-0.311268	0
0.595583	-0.313921	0
0.605975	-0.316431	0
0.616359	-0.318797	0
0.626732	-0.321016	0
0.637089	-0.323089	0
0.647428	-0.325015	0
0.657746	-0.326792	0
0.66804	-0.328421	0
0.678306	-0.329902	0
0.68854	-0.331233	0
0.698741	-0.332416	0
0.708903	-0.33345	0
0.719024	-0.334336	0
0.729101	-0.335075	0
0.73913	-0.335666	0
0.749108	-0.336111	0
0.759032	-0.336411	0
0.768899	-0.336567	0
0.778705	-0.33658	0
0.788448	-0.336452	0
0.798125	-0.336184	0
0.807732	-0.335778	0
0.817267	-0.335235	0
0.826727	-0.334558	0
0.83611	-0.333749	0
0.845412	-0.332809	0
0.854633	-0.331741	0
0.863768	-0.330547	0
0.872817	-0.32923	0
0.881776	-0.327792	0
0.890645	-0.326235	0
0.899421	-0.324563	0
0.908102	-0.322777	0
0.916687	-0.320881	0
0.925174	-0.318878	0
0.933562	-0.316769	0
0.94185	-0.314558	0
0.950036	-0.312247	0
0.958119	-0.30984	0
0.966099	-0.307339	0
0.973975	-0.304746	0
0.981745	-0.302066	0
0.98941	-0.2993	0
0.996968	-0.296451	0
1.00442	-0.293522	0
1.01177	-0.290516	0
1.019	-0.287435	0
1.02613	-0.284282	0
1.03316	-0.28106	0
1.04007	-0.277771	0
1.04688	-0.274418	0
1.05358	-0.271003	0
1.06018	-0.267529	0
1.06666	-0.263998	0
1.07304	-0.260412	0
1.07932	-0.256774	0
1.08549	-0.253086	0
1.09156	-0.24935	0
1.09752	-0.245569	0
1.10337	-0.241744	0
1.10913	-0.237877	0
1.11478	-0.233971	0
1.12033	-0.230027	0
1.12578	-0.226047	0
1.13113	-0.222033	0
1.13639	-0.217987	0
1.14154	-0.21391	0
1.14659	-0.209804	0
1.15155	-0.205671	0
1.15642	-0.201512	0
1.16119	-0.197328	0
1.16586	-0.193122	0
1.17045	-0.188894	0
1.17494	-0.184645	0
1.17934	-0.180378	0
1.18365	-0.176093	0
1.18787	-0.171792	0
1.192	-0.167475	0
1.19605	-0.163143	0
1.20001	-0.158799	0
1.20389	-0.154442	0
1.20768	-0.150074	0
1.21139	-0.145696	0
1.21501	-0.141308	0
1.21856	-0.136912	0
1.22203	-0.132508	0
1.22541	-0.128097	0
1.22872	-0.12368	0
1.23195	-0.119257	0
1.23511	-0.114829	0
1.23819	-0.110397	0
1.24119	-0.105962	0
1.24412	-0.101523	0
1.24698	-0.0970825	0
1.24977	-0.0926397	0
1.25248	-0.0881956	0
1.25512	-0.0837505	0
1.2577	-0.079305	0
1.26021	-0.0748594	0
1.26265	-0.0704142	0
1.26502	-0.0659698	0
1.26732	-0.0615266	0
1.26956	-0.0570848	0
1.27174	-0.0526448	0
1.27385	-0.0482069	0
1.2759	-0.0437714	0
1.27788	-0.0393386	0
1.2798	-0.0349087	0
1.28166	-0.0304819	0
1.28346	-0.0260585	0
1.28521	-0.0216386	0
1.28689	-0.0172226	0
1.28851	-0.0128104	0
1.29007	-0.00840235	0
1.29158	-0.00399855	0
1.29303	0.000400876	0
1.29442	0.00479579	0
1.29576	0.00918607	0
1.29704	0.0135716	0
1.29826	0.0179523	0
1.29944	0.0223282	0
1.30055	0.026699	0
1.30162	0.0310647	0
1.30262	0.0354254	0
1.30358	0.0397809	0
1.30449	0.0441311	0
1.30534	0.0484761	0
1.30614	0.0528158	0
1.30689	0.0571502	0
1.30759	0.0614793	0
1.30823	0.065803	0
1.30883	0.0701213	0
1.30938	0.0744343	0
1.30987	0.0787419	0
1.31032	0.0830441	0
1.31072	0.087341	0
1.31106	0.0916324	0
1.31136	0.0959186	0
1.31161	0.100199	0
1.31181	0.104475	0
1.31197	0.108745	0
1.31207	0.11301	0
1.31213	0.117269	0
1.31214	0.121524	0
1.3121	0.125773	0
1.31201	0.130017	0
1.31187	0.134255	0
1.31169	0.138489	0
1.31146	0.142717	0
1.31118	0.14694	0
1.31085	0.151158	0
1.31048	0.155371	0
1.31006	0.159579	0
1.30959	0.163781	0
1.30907	0.167979	0
1.3085	0.172171	0
1.30789	0.176359	0
1.30723	0.180541	0
1.30652	0.184718	0
1.30576	0.18889	0
1.30495	0.193057	0
1.3041	0.197218	0
1.3032	0.201375	0
1.30224	0.205526	0
1.30124	0.209672	0
1.30019	0.213813	0
1.29909	0.217948	0
1.29794	0.222078	0
1.29674	0.226202	0
1.29549	0.230321	0
1.29419	0.234434	0
1.29284	0.238542	0
1.29143	0.242643	0
1.28998	0.246739	0
1.28847	0.250829	0
1.28691	0.254912	0
1.2853	0.25899	0
1.28364	0.263061	0
1.28192	0.267125	0
1.28015	0.271182	0
1.27833	0.275233	0
1.27645	0.279277	0
1.27452	0.283313	0
1.27253	0.287342	0
1.27049	0.291363	0
1.26839	0.295376	0
1.26623	0.299381	0
1.26401	0.303377	0
1.26174	0.307365	0
1.25941	0.311343	0
1.25703	0.315312	0
1.25458	0.319272	0
1.25207	0.323221	0
1.24951	0.32716	0
1.24688	0.331088	0
1.24419	0.335005	0
1.24144	0.338911	0
1.23863	0.342804	0
1.23575	0.346685	0
1.23281	0.350553	0
1.22981	0.354407	0
1.22674	0.358248	0
1.2236	0.362073	0
1.2204	0.365884	0
1.21714	0.369679	0
1.2138	0.373458	0
1.2104	0.37722	0
1.20693	0.380964	0
1.20339	0.384689	0
1.19978	0.388396	0
1.1961	0.392083	0
1.19234	0.39575	0
1.18852	0.399395	0
1.18462	0.403018	0
1.18065	0.406617	0
1.17661	0.410193	0
1.17249	0.413744	0
1.1683	0.417269	0
1.16403	0.420768	0
1.15968	0.424238	0
1.15526	0.42768	0
1.15075	0.431091	0
1.14617	0.434472	0
1.14152	0.43782	0
1.13678	0.441134	0
1.13196	0.444414	0
1.12706	0.447658	0
1.12208	0.450865	0
1.11701	0.454033	0
1.11187	0.45716	0
1.10664	0.460247	0
1.10133	0.46329	0
1.09593	0.466289	0
1.09045	0.469242	0
1.08488	0.472148	0
1.07923	0.475004	0
1.0735	0.477809	0
1.06768	0.480562	0
1.06177	0.483261	0
1.05577	0.485903	0
1.04969	0.488488	0
1.04352	0.491013	0
1.03727	0.493477	0
1.03093	0.495877	0
1.0245	0.498211	0
1.01798	0.500479	0
1.01138	0.502676	0
1.00469	0.504803	0
0.99791	0.506855	0
0.991047	0.508832	0
0.984098	0.510732	0
0.977063	0.512551	0
0.969943	0.514289	0
0.962738	0.515942	0
0.955449	0.517509	0
0.948077	0.518987	0
0.940621	0.520375	0
0.933084	0.521669	0
0.925466	0.522869	0
0.917768	0.52397	0
0.90999	0.524973	0
0.902135	0.525873	0
0.894203	0.526669	0
0.886196	0.527359	0
0.878115	0.527941	0
0.869961	0.528413	0
0.861736	0.528772	0
0.853442	0.529016	0
0.845081	0.529144	0
0.836653	0.529154	0
0.828162	0.529043	0
0.819609	0.52881	0
0.810996	0.528453	0
0.802326	0.52797	0
0.7936	0.52736	0
0.784821	0.526621	0
0.775991	0.525752	0
0.767113	0.524751	0
0.75819	0.523617	0
0.749222	0.522349	0
0.740214	0.520946	0
0.731168	0.519407	0
0.722087	0.51773	0
0.712973	0.515916	0
0.703829	0.513962	0
0.694658	0.51187	0
0.685463	0.509638	0
0.676247	0.507267	0
0.667012	0.504755	0
0.657761	0.502103	0
0.648497	0.499312	0
0.639223	0.49638	0
0.629942	0.493309	0
0.620656	0.490099	0
0.611369	0.48675	0
0.602083	0.483263	0
0.592801	0.47964	0
0.583524	0.47588	0
0.574257	0.471985	0
0.565002	0.467955	0
0.55576	0.463793	0
0.546535	0.4595	0
0.537328	0.455077	0
0.528142	0.450525	0
0.518979	0.445846	0
0.509842	0.441041	0
0.500732	0.436114	0
0.491651	0.431065	0
0.4826	0.425896	0
0.473583	0.42061	0
0.4646	0.415208	0
0.455652	0.409692	0
0.446742	0.404065	0
0.43787	0.39833	0
0.429038	0.392487	0
0.420247	0.386539	0
0.411498	0.38049	0
0.402792	0.37434	0
0.39413	0.368093	0
0.385512	0.361751	0
0.376939	0.355316	0
0.368411	0.34879	0
0.35993	0.342177	0
0.351495	0.335478	0
0.343107	0.328695	0
0.334765	0.321832	0
0.326471	0.314891	0
0.318223	0.307873	0
0.310022	0.300782	0
0.301868	0.293619	0
0.293761	0.286388	0
0.285699	0.27909	0
0.277683	0.271727	0
0.269713	0.264302	0
0.261787	0.256818	0
0.253906	0.249275	0
0.246068	0.241677	0
0.238273	0.234026	0
0.23052	0.226323	0
0.222808	0.218572	0
0.215137	0.210773	0
0.207506	0.202929	0
0.199913	0.195042	0
0.192358	0.187114	0
0.18484	0.179147	0
0.177358	0.171142	0
0.16991	0.163102	0
0.162495	0.155029	0
0.155113	0.146924	0
0.147761	0.138789	0
0.14044	0.130626	0
0.133148	0.122436	0
0.125882	0.114222	0
0.118644	0.105984	0
0.11143	0.0977256	0
0.104239	0.089447	0
0.0970711	0.0811503	0
0.089924	0.072837	0
0.0827966	0.0645087	0
0.0756874	0.056167	0
0.0685953	0.0478132	0
0.0615188	0.0394491	0
0.0544565	0.0310759	0
0.0474071	0.0226953	0
0.0403693	0.0143086	0
0.0333416	0.00591728	0
0.0263228	-0.00247719	0
0.0193114	-0.0108734	0
0.0123061	-0.01927	0
0.00530564	-0.0276656	0
-0.00169145	-0.0360587	0
-0.00868645	-0.044448	0
-0.0156807	-0.0528322	0
-0.0226755	-0.0612099	0
-0.0296722	-0.0695796	0
-0.036672	-0.0779402	0
-0.0436763	-0.0862901	0
-0.0506863	-0.0946281	0
-0.0577032	-0.102953	0
-0.0647283	-0.111263	0
-0.0717628	-0.119557	0
-0.078808	-0.127834	0
-0.0858649	-0.136092	0
-0.0929348	-0.14433	0
-0.100019	-0.152546	0
-0.107118	-0.16074	0
-0.114233	-0.16891	0
-0.121366	-0.177054	0
-0.128518	-0.185172	0
-0.135688	-0.193261	0
-0.142879	-0.201321	0
-0.150092	-0.209349	0
-0.157327	-0.217345	0
-0.164585	-0.225308	0
-0.171867	-0.233235	0
-0.179174	-0.241125	0
-0.186506	-0.248978	0
-0.193866	-0.256791	0
-0.201252	-0.264563	0
-0.208667	-0.272292	0
-0.21611	-0.279978	0
-0.223582	-0.287618	0
-0.231084	-0.295212	0
-0.238616	-0.302757	0
-0.246179	-0.310253	0
-0.253774	-0.317697	0
-0.2614	-0.325089	0
-0.269059	-0.332426	0
-0.276749	-0.339708	0
-0.284473	-0.346933	0
-0.29223	-0.354098	0
-0.300019	-0.361204	0
-0.307842	-0.368248	0
-0.315699	-0.375229	0
-0.323589	-0.382144	0
-0.331512	-0.388994	0
-0.339469	-0.395776	0
-0.347459	-0.402489	0
-0.355482	-0.409131	0
-0.363539	-0.4157	0
-0.371628	-0.422196	0
-0.379749	-0.428618	0
-0.387903	-0.434962	0
-0.396088	-0.441228	0
-0.404304	-0.447416	0
-0.412552	-0.453522	0
-0.420829	-0.459546	0
-0.429136	-0.465486	0
-0.437472	-0.471342	0
-0.445836	-0.477111	0
-0.454227	-0.482793	0
-0.462645	-0.488386	0
-0.471089	-0.493889	0
-0.479557	-0.499301	0
-0.48805	-0.504621	0
-0.496565	-0.509846	0
-0.505102	-0.514978	0
-0.51366	-0.520013	0
-0.522238	-0.524952	0
-0.530834	-0.529792	0
-0.539447	-0.534534	0
-0.548076	-0.539177	0
-0.55672	-0.543718	0
-0.565378	-0.548159	0
-0.574047	-0.552497	0
-0.582727	-0.556732	0
-0.591416	-0.560864	0
-0.600113	-0.564891	0
-0.608816	-0.568814	0
-0.617523	-0.572631	0
-0.626234	-0.576342	0
-0.634947	-0.579947	0
-0.643659	-0.583446	0
-0.65237	-0.586837	0
-0.661078	-0.590121	0
-0.669782	-0.593297	0
-0.678478	-0.596366	0
-0.687167	-0.599327	0
-0.695846	-0.60218	0
-0.704514	-0.604926	0
-0.713169	-0.607563	0
-0.721809	-0.610093	0
-0.730433	-0.612515	0
-0.73904	-0.61483	0
-0.747626	-0.617038	0
-0.756192	-0.619139	0
-0.764735	-0.621134	0
-0.773253	-0.623023	0
-0.781745	-0.624807	0
-0.79021	-0.626485	0
-0.798646	-0.62806	0
-0.807052	-0.62953	0
-0.815425	-0.630897	0
-0.823764	-0.632162	0
-0.832069	-0.633326	0
-0.840337	-0.634388	0
-0.848567	-0.635351	0
-0.856758	-0.636214	0
-0.864908	-0.636979	0
-0.873016	-0.637647	0
-0.881081	-0.638218	0
-0.889101	-0.638694	0
-0.897076	-0.639076	0
-0.905004	-0.639364	0
-0.912883	-0.639561	0
-0.920714	-0.639666	0
-0.928494	-0.639681	0
-0.936223	-0.639608	0
-0.9439	-0.639447	0
-0.951523	-0.6392	0
-0.959092	-0.638867	0
-0.966606	-0.638451	0
-0.974064	-0.637952	0
-0.981466	-0.637371	0
-0.98881	-0.63671	0
-0.996095	-0.635971	0
-1.00332	-0.635154	0
-1.01049	-0.63426	0
-1.0176	-0.633292	0
-1.02464	-0.632249	0
-1.03163	-0.631135	0
-1.03855	-0.629949	0
-1.04541	-0.628694	0
-1.0522	-0.62737	0
-1.05894	-0.625978	0
-1.06561	-0.624521	0
-1.07221	-0.622999	0
-1.07876	-0.621414	0
-1.08523	-0.619767	0
-1.09164	-0.618059	0
-1.09799	-0.616291	0
-1.10427	-0.614466	0
-1.11049	-0.612583	0
-1.11664	-0.610644	0
-1.12273	-0.608651	0
-1.12874	-0.606604	0
-1.1347	-0.604505	0
-1.14059	-0.602355	0
-1.14641	-0.600155	0
-1.15216	-0.597907	0
-1.15785	-0.595611	0
-1.16348	-0.593268	0
-1.16903	-0.59088	0
-1.17453	-0.588448	0
-1.17995	-0.585973	0
-1.18532	-0.583455	0
-1.19061	-0.580896	0
-1.19584	-0.578298	0
-1.20101	-0.57566	0
-1.20611	-0.572984	0
-1.21115	-0.570271	0
-1.21612	-0.567522	0
-1.22103	-0.564737	0
-1.22588	-0.561918	0
-1.23066	-0.559066	0
-1.23538	-0.556181	0
-1.24004	-0.553264	0
-1.24463	-0.550317	0
-1.24917	-0.547339	0
-1.25364	-0.544333	0
-1.25804	-0.541298	0
-1.26239	-0.538235	0
-1.26668	-0.535145	0
-1.2709	-0.532029	0
-1.27507	-0.528887	0
-1.27918	-0.525721	0
-1.28322	-0.522531	0
-1.28721	-0.519317	0
-1.29114	-0.51608	0
-1.29501	-0.512822	0
-1.29882	-0.509541	0
-1.30258	-0.50624	0
-1.30628	-0.502919	0
-1.30992	-0.499577	0
-1.3135	-0.496217	0
-1.31703	-0.492838	0
-1.32051	-0.48944	0
-1.32392	-0.486025	0
-1.32729	-0.482593	0
-1.3306	-0.479144	0
-1.33385	-0.475679	0
-1.33705	-0.472199	0
-1.3402	-0.468703	0
-1.3433	-0.465192	0
-1.34634	-0.461666	0
-1.34933	-0.458127	0
-1.35227	-0.454573	0
-1.35516	-0.451007	0
-1.35799	-0.447427	0
-1.36078	-0.443835	0
-1.36352	-0.440231	0
-1.3662	-0.436614	0
-1.36884	-0.432986	0
-1.37143	-0.429347	0
-1.37397	-0.425697	0
-1.37646	-0.422035	0
-1.3789	-0.418364	0
-1.3813	-0.414682	0
-1.38365	-0.41099	0
-1.38595	-0.407289	0
-1.3882	-0.403578	0
-1.39041	-0.399857	0
-1.39257	-0.396128	0
-1.39469	-0.39239	0
-1.39676	-0.388643	0
-1.39878	-0.384888	0
-1.40076	-0.381124	0
-1.4027	-0.377353	0
-1.40459	-0.373573	0
-1.40644	-0.369786	0
-1.40824	-0.365991	0
-1.41	-0.362188	0
-1.41172	-0.358379	0
-1.4134	-0.354562	0
-1.41503	-0.350737	0
-1.41662	-0.346906	0
-1.41816	-0.343068	0
-1.41967	-0.339224	0
-1.42113	-0.335372	0
-1.42256	-0.331514	0
-1.42394	-0.32765	0
-1.42528	-0.323779	0
-1.42658	-0.319902	0
-1.42783	-0.316019	0
-1.42905	-0.312129	0
-1.43023	-0.308233	0
-1.43137	-0.304332	0
-1.43246	-0.300424	0
-1.43352	-0.29651	0
-1.43454	-0.292591	0
-1.43552	-0.288665	0
-1.43646	-0.284734	0
-1.43736	-0.280797	0
-1.43822	-0.276854	0
-1.43904	-0.272906	0
-1.43982	-0.268951	0
-1.44056	-0.264991	0
-1.44127	-0.261026	0
-1.44193	-0.257054	0
-1.44256	-0.253077	0
-1.44315	-0.249095	0
-1.4437	-0.245106	0
-1.44421	-0.241112	0
-1.44468	-0.237113	0
-1.44512	-0.233108	0
-1.44551	-0.229097	0
-1.44587	-0.225081	0
-1.44619	-0.221058	0
-1.44647	-0.217031	0
-1.44672	-0.212997	0
-1.44692	-0.208958	0
-1.44709	-0.204914	0
-1.44721	-0.200863	0
-1.4473	-0.196807	0
-1.44736	-0.192745	0
-1.44737	-0.188677	0
-1.44734	-0.184604	0
-1.44728	-0.180525	0
-1.44718	-0.17644	0
-1.44703	-0.172349	0
-1.44685	-0.168252	0
-1.44663	-0.16415	0
-1.44637	-0.160041	0
-1.44608	-0.155927	0
-1.44574	-0.151807	0
-1.44536	-0.147681	0
-1.44495	-0.143549	0
-1.44449	-0.139411	0
-1.44399	-0.135267	0
-1.44346	-0.131117	0
-1.44288	-0.126961	0
-1.44227	-0.122799	0
-1.44161	-0.118631	0
-1.44091	-0.114457	0
-1.44017	-0.110276	0
-1.43939	-0.10609	0
-1.43857	-0.101898	0
-1.43771	-0.0976997	0
-1.4368	-0.0934954	0
-1.43585	-0.089285	0
-1.43486	-0.0850686	0
-1.43383	-0.0808462	0
-1.43275	-0.0766178	0
-1.43163	-0.0723834	0
-1.43047	-0.068143	0
-1.42926	-0.0638967	0
-1.42801	-0.0596444	0
-1.42671	-0.0553863	0
-1.42537	-0.0511223	0
-1.42398	-0.0468525	0
-1.42255	-0.042577	0
-1.42107	-0.0382958	0
-1.41955	-0.034009	0
-1.41797	-0.0297166	0
-1.41635	-0.0254187	0
-1.41469	-0.0211153	0
-1.41297	-0.0168067	0
-1.4112	-0.0124928	0
-1.40939	-0.00817379	0
-1.40753	-0.00384974	0
-1.40561	0.000479213	0
-1.40365	0.00481295	0
-1.40164	0.00915135	0
-1.39957	0.0134942	0
-1.39745	0.0178415	0
-1.39528	0.0221929	0
-1.39305	0.0265484	0
-1.39078	0.0309077	0
-1.38844	0.0352706	0
-1.38606	0.0396369	0
-1.38361	0.0440065	0
-1.38111	0.048379	0
-1.37856	0.0527542	0
-1.37594	0.0571319	0
-1.37327	0.0615118	0
-1.37054	0.0658936	0
-1.36775	0.070277	0
-1.36491	0.0746616	0
-1.362	0.0790472	0
-1.35903	0.0834333	0
-1.35599	0.0878197	0
-1.3529	0.0922058	0
-1.34974	0.0965914	0
-1.34652	0.100976	0
-1.34323	0.105359	0
-1.33987	0.10974	0
-1.33645	0.114119	0
-1.33297	0.118494	0
-1.32941	0.122866	0
-1.32579	0.127234	0
-1.3221	0.131598	0
-1.31833	0.135956	0
-1.3145	0.140308	0
-1.31059	0.144654	0
-1.30661	0.148992	0
-1.30256	0.153322	0
-1.29843	0.157644	0
-1.29423	0.161956	0
-1.28995	0.166258	0
-1.28559	0.170548	0
-1.28116	0.174826	0
-1.27665	0.179092	0
-1.27206	0.183343	0
-1.26739	0.187579	0
-1.26263	0.1918	0
-1.2578	0.196003	0
-1.25288	0.200188	0
-1.24788	0.204354	0
-1.24279	0.2085	0
-1.23762	0.212623	0
-1.23237	0.216724	0
-1.22702	0.220801	0
-1.22159	0.224852	0
-1.21607	0.228876	0
-1.21046	0.232872	0
-1.20477	0.236838	0
-1.19898	0.240773	0
-1.1931	0.244674	0
-1.18712	0.248542	0
-1.18106	0.252373	0
-1.1749	0.256166	0
-1.16865	0.259919	0
-1.1623	0.263632	0
-1.15586	0.267301	0
-1.14933	0.270925	0
-1.1427	0.274502	0
-1.13597	0.27803	0
-1.12915	0.281507	0
-1.12223	0.284932	0
-1.11521	0.288301	0
-1.1081	0.291613	0
-1.10088	0.294866	0
-1.09358	0.298058	0
-1.08617	0.301185	0
-1.07867	0.304247	0
-1.07107	0.307241	0
-1.06337	0.310164	0
-1.05558	0.313015	0
-1.04769	0.31579	0
-1.03971	0.318488	0
-1.03163	0.321106	0
-1.02346	0.323641	0
-1.01519	0.326093	0
-1.00683	0.328457	0
-0.998378	0.330732	0
-0.989835	0.332915	0
-0.981202	0.335004	0
-0.97248	0.336996	0
-0.96367	0.33889	0
-0.954775	0.340683	0
-0.945794	0.342373	0
-0.93673	0.343957	0
-0.927585	0.345434	0
-0.91836	0.346801	0
-0.909056	0.348056	0
-0.899677	0.349197	0
-0.890223	0.350223	0
-0.880697	0.351131	0
-0.871101	0.35192	0
-0.861437	0.352588	0
-0.851708	0.353134	0
-0.841916	0.353555	0
-0.832063	0.353851	0
-0.822152	0.354021	0
-0.812186	0.354062	0
-0.802166	0.353975	0
-0.792096	0.353757	0
-0.781979	0.353409	0
-0.771817	0.352929	0
-0.761612	0.352317	0
-0.751368	0.351572	0
-0.741088	0.350695	0
-0.730774	0.349684	0
-0.720428	0.34854	0
-0.710055	0.347263	0
-0.699656	0.345853	0
-0.689234	0.34431	0
-0.678793	0.342634	0
-0.668334	0.340827	0
-0.65786	0.338888	0
-0.647374	0.336819	0
-0.636879	0.334621	0
-0.626377	0.332293	0
-0.61587	0.329839	0
-0.605361	0.327258	0
-0.594852	0.324552	0
-0.584346	0.321722	0
-0.573843	0.318771	0
-0.563348	0.315698	0
-0.552861	0.312507	0
-0.542384	0.309199	0
-0.53192	0.305775	0
-0.52147	0.302238	0
-0.511035	0.298589	0
