-0.965282	0.247396	0
-0.960437	0.251673	0
-0.955469	0.255916	0
-0.950375	0.260124	0
-0.945154	0.264293	0
-0.939805	0.268422	0
-0.934326	0.272507	0
-0.928716	0.276546	0
-0.922972	0.280537	0
-0.917094	0.284475	0
-0.91108	0.288359	0
-0.904929	0.292184	0
-0.89864	0.295948	0
-0.892212	0.299648	0
-0.885643	0.303278	0
-0.878932	0.306837	0
-0.872079	0.31032	0
-0.865083	0.313722	0
-0.857943	0.317041	0
-0.850658	0.320272	0
-0.843229	0.32341	0
-0.835656	0.326452	0
-0.827937	0.329393	0
-0.820073	0.332227	0
-0.812065	0.334951	0
-0.803914	0.33756	0
-0.795618	0.34005	0
-0.787181	0.342414	0
-0.778603	0.344648	0
-0.769884	0.346749	0
-0.761028	0.348709	0
-0.752035	0.350525	0
-0.742908	0.352192	0
-0.73365	0.353705	0
-0.724262	0.355058	0
-0.714749	0.356248	0
-0.705112	0.357269	0
-0.695355	0.358118	0
-0.685483	0.358789	0
-0.675499	0.359279	0
-0.665407	0.359583	0
-0.655212	0.359698	0
-0.644918	0.35962	0
-0.63453	0.359345	0
-0.624053	0.358871	0
-0.613493	0.358194	0
-0.602855	0.357313	0
-0.592145	0.356224	0
-0.581367	0.354926	0
-0.570529	0.353418	0
-0.559636	0.351698	0
-0.548693	0.349765	0
-0.537707	0.347619	0
-0.526684	0.345259	0
-0.515629	0.342686	0
-0.504549	0.339901	0
-0.493449	0.336904	0
-0.482335	0.333697	0
-0.471212	0.330281	0
-0.460087	0.326658	0
-0.448963	0.322831	0
-0.437847	0.318802	0
-0.426744	0.314574	0
-0.415656	0.31015	0
-0.40459	0.305534	0
-0.393549	0.30073	0
-0.382538	0.29574	0
-0.371559	0.29057	0
-0.360616	0.285224	0
-0.349711	0.279706	0
-0.338849	0.27402	0
-0.328031	0.268172	0
-0.317258	0.262166	0
-0.306534	0.256007	0
-0.29586	0.2497	0
-0.285236	0.24325	0
-0.274664	0.236662	0
-0.264145	0.229941	0
-0.253678	0.223093	0
-0.243264	0.216121	0
-0.232904	0.209033	0
-0.222595	0.201832	0
-0.212339	0.194523	0
-0.202134	0.187112	0
-0.191979	0.179603	0
-0.181873	0.172002	0
-0.171815	0.164313	0
-0.161802	0.156541	0
-0.151834	0.14869	0
-0.141907	0.140766	0
-0.132021	0.132773	0
-0.122172	0.124715	0
-0.112359	0.116598	0
-0.102579	0.108425	0
-0.0928287	0.100201	0
-0.0831062	0.0919295	0
-0.0734084	0.083616	0
-0.0637323	0.0752642	0
-0.0540751	0.0668784	0
-0.0444335	0.0584627	0
-0.0348045	0.0500213	0
-0.0251849	0.0415583	0
-0.0155715	0.0330779	0
-0.00596095	0.0245841	0
0.00365003	0.016081	0
0.0132648	0.00757279	0
0.0228866	-0.000936459	0
0.0325189	-0.0094426	0
0.042165	-0.0179415	0
0.0518282	-0.0264289	0
0.0615118	-0.0349007	0
0.0712193	-0.0433525	0
0.0809537	-0.05178	0
0.0907184	-0.0601789	0
0.100516	-0.0685447	0
0.110351	-0.0768729	0
0.120225	-0.085159	0
0.130141	-0.0933982	0
0.140103	-0.101586	0
0.150113	-0.109717	0
0.160173	-0.117787	0
0.170286	-0.12579	0
0.180455	-0.133723	0
0.190681	-0.141578	0
0.200967	-0.149352	0
0.211314	-0.157038	0
0.221724	-0.164631	0
0.232198	-0.172126	0
0.242738	-0.179517	0
0.253344	-0.186798	0
0.264018	-0.193963	0
0.274758	-0.201007	0
0.285567	-0.207924	0
0.296443	-0.214707	0
0.307385	-0.221351	0
0.318394	-0.22785	0
0.329467	-0.234197	0
0.340603	-0.240388	0
0.351801	-0.246415	0
0.363058	-0.252274	0
0.374371	-0.257958	0
0.385738	-0.263462	0
0.397155	-0.268781	0
0.408618	-0.273909	0
0.420124	-0.278841	0
0.431667	-0.283573	0
0.443244	-0.2881	0
0.454848	-0.292418	0
0.466475	-0.296523	0
0.478119	-0.300412	0
0.489774	-0.304081	0
0.501433	-0.307527	0
0.51309	-0.310749	0
0.524739	-0.313743	0
0.536373	-0.31651	0
0.547985	-0.319047	0
0.559567	-0.321355	0
0.571114	-0.323433	0
0.582617	-0.325281	0
0.594071	-0.326901	0
0.605467	-0.328293	0
0.616799	-0.329459	0
0.628061	-0.330403	0
0.639246	-0.331125	0
0.650348	-0.331629	0
0.66136	-0.331919	0
0.672276	-0.331999	0
0.683092	-0.331871	0
0.693801	-0.331541	0
0.704399	-0.331013	0
0.71488	-0.330292	0
0.725241	-0.329382	0
0.735478	-0.32829	0
0.745586	-0.327021	0
0.755562	-0.325579	0
0.765403	-0.323971	0
0.775107	-0.322202	0
0.784671	-0.320277	0
0.794092	-0.318203	0
0.80337	-0.315986	0
0.812501	-0.313629	0
0.821486	-0.311141	0
0.830323	-0.308525	0
0.839012	-0.305787	0
0.847551	-0.302933	0
0.855941	-0.299968	0
0.864182	-0.296897	0
0.872274	-0.293725	0
0.880217	-0.290458	0
0.888011	-0.287099	0
0.895658	-0.283653	0
0.903158	-0.280126	0
0.910513	-0.27652	0
0.917722	-0.272841	0
0.924788	-0.269093	0
0.931712	-0.265278	0
0.938495	-0.261402	0
0.945139	-0.257468	0
0.951644	-0.253479	0
0.958014	-0.249438	0
0.964249	-0.245348	0
0.970351	-0.241214	0
0.976321	-0.237036	0
0.982162	-0.232819	0
0.987876	-0.228565	0
0.993463	-0.224276	0
0.998927	-0.219955	0
1.00427	-0.215604	0
1.00949	-0.211225	0
1.01459	-0.20682	0
1.01957	-0.202392	0
1.02444	-0.197941	0
1.0292	-0.19347	0
1.03384	-0.188981	0
1.03838	-0.184474	0
1.04281	-0.179952	0
1.04713	-0.175415	0
1.05134	-0.170866	0
1.05545	-0.166304	0
1.05946	-0.161733	0
1.06338	-0.157151	0
1.06719	-0.152562	0
1.0709	-0.147964	0
1.07452	-0.143361	0
1.07805	-0.138751	0
1.08148	-0.134137	0
1.08483	-0.129518	0
1.08808	-0.124896	0
1.09124	-0.120271	0
1.09432	-0.115643	0
1.09731	-0.111014	0
1.10022	-0.106383	0
1.10304	-0.101752	0
1.10579	-0.0971208	0
1.10845	-0.0924894	0
1.11103	-0.0878585	0
1.11353	-0.0832284	0
1.11595	-0.0785994	0
1.1183	-0.0739718	0
1.12057	-0.0693459	0
1.12276	-0.0647219	0
1.12489	-0.0601	0
1.12693	-0.0554804	0
1.12891	-0.0508633	0
1.13081	-0.0462489	0
1.13265	-0.0416372	0
1.13441	-0.0370284	0
1.1361	-0.0324226	0
1.13773	-0.0278199	0
1.13928	-0.0232204	0
1.14077	-0.018624	0
1.14219	-0.014031	0
1.14355	-0.00944127	0
1.14483	-0.00485489	0
1.14606	-0.000271883	0
1.14722	0.00430774	0
1.14831	0.00888397	0
1.14934	0.0134568	0
1.1503	0.0180263	0
1.1512	0.0225923	0
1.15204	0.027155	0
1.15282	0.0317144	0
1.15353	0.0362705	0
1.15418	0.0408232	0
1.15477	0.0453727	0
1.15529	0.049919	0
1.15576	0.054462	0
1.15616	0.0590018	0
1.1565	0.0635385	0
1.15677	0.0680721	0
1.15699	0.0726025	0
1.15714	0.0771299	0
1.15724	0.0816542	0
1.15727	0.0861754	0
1.15724	0.0906936	0
1.15714	0.0952088	0
1.15699	0.0997209	0
1.15677	0.10423	0
1.15649	0.108736	0
1.15615	0.113239	0
1.15574	0.117739	0
1.15528	0.122236	0
1.15474	0.126729	0
1.15415	0.13122	0
1.15349	0.135707	0
1.15277	0.140191	0
1.15198	0.144671	0
1.15113	0.149148	0
1.15021	0.153621	0
1.14922	0.15809	0
1.14817	0.162556	0
1.14705	0.167017	0
1.14587	0.171474	0
1.14462	0.175927	0
1.1433	0.180375	0
1.14191	0.184819	0
1.14045	0.189257	0
1.13892	0.19369	0
1.13732	0.198117	0
1.13565	0.202539	0
1.1339	0.206954	0
1.13208	0.211363	0
1.13019	0.215765	0
1.12823	0.220159	0
1.12619	0.224546	0
1.12407	0.228924	0
1.12188	0.233294	0
1.11961	0.237655	0
1.11727	0.242006	0
1.11484	0.246347	0
1.11233	0.250677	0
1.10974	0.254995	0
1.10708	0.259301	0
1.10432	0.263595	0
1.10149	0.267874	0
1.09857	0.27214	0
1.09556	0.27639	0
1.09247	0.280624	0
1.08929	0.284841	0
1.08603	0.289041	0
1.08267	0.293221	0
1.07922	0.297381	0
1.07569	0.301521	0
1.07206	0.305638	0
1.06833	0.309732	0
1.06452	0.313802	0
1.06061	0.317846	0
1.0566	0.321862	0
1.05249	0.32585	0
1.04829	0.329808	0
1.04399	0.333735	0
1.03959	0.337629	0
1.03508	0.341488	0
1.03048	0.345311	0
1.02577	0.349096	0
1.02096	0.352841	0
1.01605	0.356545	0
1.01103	0.360205	0
1.0059	0.36382	0
1.00067	0.367387	0
0.995326	0.370905	0
0.989878	0.374371	0
0.984322	0.377783	0
0.978656	0.381139	0
0.97288	0.384437	0
0.966994	0.387673	0
0.960997	0.390847	0
0.95489	0.393954	0
0.948671	0.396993	0
0.94234	0.399961	0
0.935898	0.402855	0
0.929344	0.405674	0
0.922679	0.408412	0
0.915902	0.411069	0
0.909013	0.413642	0
0.902014	0.416126	0
0.894903	0.41852	0
0.887683	0.420821	0
0.880353	0.423025	0
0.872913	0.425129	0
0.865366	0.427131	0
0.857711	0.429027	0
0.849951	0.430815	0
0.842085	0.432491	0
0.834116	0.434053	0
0.826044	0.435496	0
0.817871	0.43682	0
0.809599	0.438019	0
0.80123	0.439092	0
0.792766	0.440036	0
0.784208	0.440847	0
0.775559	0.441523	0
0.766821	0.442062	0
0.757996	0.44246	0
0.749087	0.442715	0
0.740097	0.442824	0
0.731029	0.442786	0
0.721885	0.442598	0
0.712668	0.442257	0
0.703382	0.441762	0
0.69403	0.44111	0
0.684614	0.440301	0
0.675139	0.439332	0
0.665607	0.438202	0
0.656023	0.436909	0
0.646389	0.435453	0
0.63671	0.433832	0
0.626989	0.432045	0
0.61723	0.430092	0
0.607436	0.427973	0
0.597612	0.425686	0
0.587761	0.423233	0
0.577886	0.420612	0
0.567992	0.417824	0
0.558082	0.41487	0
0.54816	0.411749	0
0.538229	0.408464	0
0.528293	0.405014	0
0.518356	0.401401	0
0.50842	0.397626	0
0.49849	0.39369	0
0.488568	0.389595	0
0.478658	0.385343	0
0.468762	0.380935	0
0.458883	0.376374	0
0.449025	0.371661	0
0.43919	0.3668	0
0.429381	0.361791	0
0.419599	0.356639	0
0.409847	0.351344	0
0.400128	0.345911	0
0.390443	0.340341	0
0.380794	0.334638	0
0.371183	0.328804	0
0.361611	0.322843	0
0.35208	0.316757	0
0.342591	0.31055	0
0.333145	0.304225	0
0.323743	0.297784	0
0.314386	0.291231	0
0.305074	0.28457	0
0.295808	0.277803	0
0.286588	0.270934	0
0.277415	0.263966	0
0.268288	0.256901	0
0.259208	0.249745	0
0.250174	0.242499	0
0.241187	0.235166	0
0.232245	0.227751	0
0.223348	0.220257	0
0.214495	0.212685	0
0.205687	0.205041	0
0.196921	0.197326	0
0.188197	0.189544	0
0.179513	0.181698	0
0.17087	0.17379	0
0.162265	0.165825	0
0.153696	0.157805	0
0.145164	0.149733	0
0.136666	0.141611	0
0.1282	0.133443	0
0.119766	0.125232	0
0.111361	0.11698	0
0.102983	0.108691	0
0.0946316	0.100366	0
0.086304	0.0920092	0
0.0779986	0.0836229	0
0.0697134	0.0752097	0
0.0614465	0.0667725	0
0.0531958	0.0583138	0
0.0449594	0.0498363	0
0.0367352	0.0413427	0
0.0285211	0.0328355	0
0.0203151	0.0243174	0
0.012115	0.015791	0
0.00391867	0.00725889	0
-0.00427595	-0.00127635	0
-0.012471	-0.00981211	0
-0.0206687	-0.0183458	0
-0.028871	-0.0268748	0
-0.0370802	-0.0353966	0
-0.0452984	-0.0439084	0
-0.0535276	-0.0524077	0
-0.0617698	-0.0608919	0
-0.0700273	-0.0693583	0
-0.078302	-0.0778042	0
-0.0865959	-0.0862269	0
-0.094911	-0.0946238	0
-0.103249	-0.102992	0
-0.111612	-0.111329	0
-0.120002	-0.119632	0
-0.128421	-0.127897	0
-0.13687	-0.136123	0
-0.145351	-0.144307	0
-0.153866	-0.152444	0
-0.162416	-0.160534	0
-0.171003	-0.168571	0
-0.179628	-0.176555	0
-0.188293	-0.18448	0
-0.196998	-0.192346	0
-0.205745	-0.200147	0
-0.214535	-0.207882	0
-0.223369	-0.215547	0
-0.232248	-0.223139	0
-0.241172	-0.230654	0
-0.250142	-0.23809	0
-0.259159	-0.245444	0
-0.268223	-0.252711	0
-0.277335	-0.259889	0
-0.286493	-0.266975	0
-0.2957	-0.273965	0
-0.304954	-0.280855	0
-0.314255	-0.287644	0
-0.323602	-0.294326	0
-0.332996	-0.3009	0
-0.342436	-0.307362	0
-0.35192	-0.313708	0
-0.361447	-0.319936	0
-0.371017	-0.326042	0
-0.380629	-0.332024	0
-0.39028	-0.337877	0
-0.399969	-0.343601	0
-0.409695	-0.34919	0
-0.419455	-0.354644	0
-0.429248	-0.359958	0
-0.43907	-0.36513	0
-0.448921	-0.370159	0
-0.458798	-0.37504	0
-0.468697	-0.379773	0
-0.478616	-0.384355	0
-0.488552	-0.388784	0
-0.498503	-0.393058	0
-0.508465	-0.397175	0
-0.518435	-0.401134	0
-0.52841	-0.404933	0
-0.538386	-0.408571	0
-0.548361	-0.412048	0
-0.558329	-0.415361	0
-0.568289	-0.41851	0
-0.578236	-0.421496	0
-0.588167	-0.424316	0
-0.598078	-0.426972	0
-0.607965	-0.429462	0
-0.617825	-0.431788	0
-0.627655	-0.433949	0
-0.637449	-0.435947	0
-0.647206	-0.437781	0
-0.65692	-0.439452	0
-0.666589	-0.440962	0
-0.67621	-0.442312	0
-0.685778	-0.443502	0
-0.695291	-0.444536	0
-0.704744	-0.445413	0
-0.714135	-0.446136	0
-0.723462	-0.446707	0
-0.73272	-0.447128	0
-0.741906	-0.4474	0
-0.751019	-0.447527	0
-0.760055	-0.44751	0
-0.769012	-0.447353	0
-0.777887	-0.447056	0
-0.786678	-0.446624	0
-0.795383	-0.446059	0
-0.804	-0.445363	0
-0.812526	-0.444539	0
-0.82096	-0.44359	0
-0.8293	-0.442519	0
-0.837544	-0.441329	0
-0.845692	-0.440023	0
-0.853741	-0.438604	0
-0.861691	-0.437074	0
-0.86954	-0.435437	0
-0.877288	-0.433695	0
-0.884933	-0.431852	0
-0.892474	-0.42991	0
-0.899912	-0.427872	0
-0.907245	-0.425742	0
-0.914474	-0.423522	0
-0.921596	-0.421214	0
-0.928614	-0.418822	0
-0.935525	-0.416349	0
-0.942331	-0.413796	0
-0.94903	-0.411168	0
-0.955624	-0.408466	0
-0.962112	-0.405692	0
-0.968495	-0.402851	0
-0.974772	-0.399943	0
-0.980944	-0.396971	0
-0.987012	-0.393939	0
-0.992976	-0.390847	0
-0.998836	-0.387698	0
-1.00459	-0.384495	0
-1.01025	-0.381239	0
-1.0158	-0.377933	0
-1.02125	-0.374579	0
-1.0266	-0.371178	0
-1.03185	-0.367733	0
-1.03701	-0.364245	0
-1.04206	-0.360716	0
-1.04702	-0.357148	0
-1.05188	-0.353543	0
-1.05664	-0.349901	0
-1.06131	-0.346225	0
-1.06589	-0.342516	0
-1.07037	-0.338776	0
-1.07476	-0.335006	0
-1.07906	-0.331207	0
-1.08327	-0.327381	0
-1.08739	-0.323528	0
-1.09142	-0.319651	0
-1.09536	-0.31575	0
-1.09922	-0.311826	0
-1.10299	-0.30788	0
-1.10668	-0.303914	0
-1.11028	-0.299928	0
-1.1138	-0.295924	0
-1.11724	-0.291901	0
-1.1206	-0.287861	0
-1.12387	-0.283806	0
-1.12707	-0.279735	0
-1.13019	-0.275649	0
-1.13323	-0.271549	0
-1.1362	-0.267435	0
-1.13908	-0.263309	0
-1.1419	-0.259171	0
-1.14464	-0.255022	0
-1.1473	-0.250861	0
-1.1499	-0.24669	0
-1.15242	-0.242508	0
-1.15487	-0.238317	0
-1.15725	-0.234117	0
-1.15956	-0.229909	0
-1.1618	-0.225692	0
-1.16397	-0.221466	0
-1.16608	-0.217233	0
-1.16811	-0.212993	0
-1.17009	-0.208746	0
-1.17199	-0.204492	0
-1.17383	-0.200231	0
-1.17561	-0.195964	0
-1.17732	-0.19169	0
-1.17897	-0.187411	0
-1.18055	-0.183126	0
-1.18208	-0.178835	0
-1.18354	-0.174539	0
-1.18493	-0.170238	0
-1.18627	-0.165931	0
-1.18755	-0.161619	0
-1.18876	-0.157302	0
-1.18992	-0.15298	0
-1.19101	-0.148654	0
-1.19205	-0.144322	0
-1.19303	-0.139986	0
-1.19394	-0.135645	0
-1.1948	-0.131299	0
-1.1956	-0.126949	0
-1.19634	-0.122594	0
-1.19703	-0.118235	0
-1.19765	-0.113871	0
-1.19822	-0.109502	0
-1.19873	-0.105129	0
-1.19918	-0.100751	0
-1.19958	-0.0963685	0
-1.19991	-0.0919814	0
-1.20019	-0.0875896	0
-1.20041	-0.0831932	0
-1.20058	-0.0787921	0
-1.20068	-0.0743863	0
-1.20073	-0.0699758	0
-1.20072	-0.0655606	0
-1.20065	-0.0611406	0
-1.20053	-0.0567159	0
-1.20034	-0.0522863	0
-1.2001	-0.047852	0
-1.19979	-0.0434129	0
-1.19943	-0.038969	0
-1.19901	-0.0345203	0
-1.19853	-0.0300668	0
-1.19799	-0.0256085	0
-1.19739	-0.0211455	0
-1.19672	-0.0166777	0
-1.196	-0.0122052	0
-1.19521	-0.00772811	0
-1.19437	-0.0032464	0
-1.19346	0.00123985	0
-1.19248	0.00573056	0
-1.19145	0.0102256	0
-1.19034	0.014725	0
-1.18918	0.0192285	0
-1.18795	0.0237361	0
-1.18665	0.0282476	0
-1.18529	0.0327628	0
-1.18386	0.0372817	0
-1.18236	0.0418039	0
-1.18079	0.0463293	0
-1.17915	0.0508576	0
-1.17744	0.0553887	0
-1.17567	0.0599222	0
-1.17382	0.0644579	0
-1.17189	0.0689955	0
-1.1699	0.0735345	0
-1.16783	0.0780747	0
-1.16568	0.0826157	0
-1.16346	0.0871571	0
-1.16116	0.0916983	0
-1.15879	0.096239	0
-1.15633	0.100779	0
-1.1538	0.105317	0
-1.15118	0.109853	0
-1.14848	0.114386	0
-1.1457	0.118916	0
-1.14284	0.123441	0
-1.13989	0.127962	0
-1.13685	0.132477	0
-1.13373	0.136986	0
-1.13052	0.141488	0
-1.12722	0.145982	0
-1.12383	0.150466	0
-1.12034	0.154941	0
-1.11676	0.159405	0
-1.11309	0.163856	0
-1.10933	0.168294	0
-1.10546	0.172718	0
-1.1015	0.177127	0
-1.09744	0.181518	0
-1.09328	0.185891	0
-1.08902	0.190244	0
-1.08466	0.194576	0
-1.08019	0.198885	0
-1.07562	0.20317	0
-1.07094	0.207429	0
-1.06615	0.21166	0
-1.06126	0.215861	0
-1.05626	0.220031	0
-1.05114	0.224167	0
-1.04592	0.228268	0
-1.04058	0.232332	0
-1.03513	0.236356	0
-1.02956	0.240337	0
-1.02388	0.244275	0
-1.01808	0.248166	0
-1.01216	0.252008	0
-1.00613	0.255798	0
-0.999981	0.259534	0
-0.99371	0.263213	0
-0.98732	0.266832	0
-0.980809	0.270389	0
-0.974178	0.273881	0
-0.967426	0.277304	0
-0.960553	0.280656	0
-0.953559	0.283933	0
-0.946443	0.287134	0
-0.939207	0.290253	0
-0.931849	0.293289	0
-0.92437	0.296237	0
-0.916771	0.299095	0
-0.909053	0.301859	0
-0.901215	0.304526	0
-0.89326	0.307093	0
-0.885187	0.309555	0
-0.876997	0.311911	0
-0.868693	0.314156	0
-0.860276	0.316287	0
-0.851747	0.3183	0
-0.843107	0.320193	0
-0.834359	0.321962	0
-0.825505	0.323603	0
-0.816546	0.325115	0
-0.807486	0.326493	0
-0.798326	0.327735	0
-0.789069	0.328837	0
-0.779718	0.329797	0
-0.770277	0.330613	0
-0.760747	0.331281	0
-0.751132	0.331799	0
-0.741436	0.332165	0
-0.731661	0.332377	0
-0.721812	0.332432	0
-0.711891	0.33233	0
-0.701903	0.332068	0
-0.691852	0.331645	0
-0.681741	0.331059	0
-0.671573	0.33031	0
-0.661354	0.329397	0
-0.651088	0.328319	0
-0.640777	0.327075	0
-0.630426	0.325666	0
-0.620039	0.324091	0
-0.60962	0.32235	0
-0.599174	0.320445	0
-0.588703	0.318375	0
-0.578212	0.316141	0
-0.567705	0.313745	0
-0.557185	0.311187	0
-0.546656	0.308468	0
-0.536122	0.305592	0
-0.525585	0.302558	0
-0.51505	0.299369	0
-0.504519	0.296027	0
-0.493996	0.292534	0
-0.483483	0.288893	0
-0.472983	0.285105	0
-0.462499	0.281174	0
-0.452034	0.277103	0
-0.44159	0.272893	0
-0.431168	0.268548	0
-0.420771	0.264071	0
-0.410402	0.259465	0
-0.40006	0.254733	0
-0.389749	0.249878	0
-0.37947	0.244904	0
-0.369223	0.239813	0
-0.35901	0.234609	0
-0.348832	0.229295	0
-0.33869	0.223875	0
-0.328584	0.218352	0
-0.318514	0.212729	0
-0.308482	0.20701	0
-0.298488	0.201197	0
-0.288531	0.195295	0
-0.278612	0.189307	0
-0.26873	0.183235	0
-0.258885	0.177084	0
-0.249077	0.170856	0
-0.239306	0.164555	0
-0.22957	0.158183	0
-0.21987	0.151745	0
-0.210204	0.145243	0
-0.200572	0.13868	0
-0.190973	0.132059	0
-0.181405	0.125384	0
-0.171869	0.118657	0
-0.162362	0.111882	0
-0.152883	0.10506	0
-0.143432	0.0981959	0
-0.134007	0.0912916	0
-0.124607	0.0843499	0
-0.11523	0.0773738	0
-0.105875	0.070366	0
-0.0965407	0.0633291	0
-0.0872253	0.0562658	0
-0.0779274	0.0491789	0
-0.0686456	0.0420709	0
-0.0593783	0.0349444	0
-0.0501239	0.0278019	0
-0.0408808	0.0206461	0
-0.0316475	0.0134795	0
-0.0224224	0.00630454	0
-0.0132038	-0.000876273	0
-0.00399026	-0.00806046	0
0.00521993	-0.0152456	0
0.0144283	-0.0224291	0
0.0236365	-0.0296087	0
0.0328461	-0.0367819	0
0.0420586	-0.0439463	0
0.0512755	-0.0510995	0
0.0604985	-0.0582391	0
0.0697289	-0.0653626	0
0.0789683	-0.0724677	0
0.0882181	-0.0795519	0
0.0974798	-0.0866129	0
0.106755	-0.0936483	0
0.116044	-0.100656	0
0.12535	-0.107632	0
0.134672	-0.114576	0
0.144013	-0.121485	0
0.153373	-0.128356	0
0.162755	-0.135186	0
0.172158	-0.141974	0
0.181583	-0.148717	0
0.191033	-0.155412	0
0.200507	-0.162058	0
0.210007	-0.16865	0
0.219533	-0.175188	0
0.229086	-0.181668	0
0.238667	-0.188088	0
0.248277	-0.194445	0
0.257915	-0.200738	0
0.267582	-0.206963	0
0.277279	-0.213118	0
0.287005	-0.2192	0
0.296762	-0.225207	0
0.306548	-0.231136	0
0.316365	-0.236985	0
0.326212	-0.242751	0
0.336088	-0.248432	0
0.345994	-0.254026	0
0.35593	-0.259529	0
0.365894	-0.26494	0
0.375886	-0.270255	0
0.385906	-0.275473	0
0.395953	-0.280592	0
0.406025	-0.285608	0
0.416123	-0.290519	0
0.426244	-0.295324	0
0.436389	-0.30002	0
0.446554	-0.304605	0
0.45674	-0.309076	0
0.466945	-0.313432	0
0.477167	-0.317671	0
0.487405	-0.321791	0
0.497656	-0.325789	0
0.507919	-0.329664	0
0.518193	-0.333415	0
0.528474	-0.337039	0
0.538762	-0.340536	0
0.549054	-0.343903	0
0.559347	-0.34714	0
0.56964	-0.350244	0
0.579929	-0.353216	0
0.590213	-0.356053	0
0.60049	-0.358756	0
0.610756	-0.361322	0
0.621009	-0.363752	0
0.631246	-0.366044	0
0.641465	-0.368199	0
0.651663	-0.370215	0
0.661838	-0.372093	0
0.671986	-0.373833	0
0.682105	-0.375434	0
0.692192	-0.376897	0
0.702244	-0.378221	0
0.712259	-0.379407	0
0.722234	-0.380456	0
0.732166	-0.381368	0
0.742052	-0.382144	0
0.751891	-0.382784	0
0.761678	-0.383291	0
0.771412	-0.383663	0
0.78109	-0.383903	0
0.79071	-0.384013	0
0.800268	-0.383992	0
0.809764	-0.383843	0
0.819194	-0.383567	0
0.828556	-0.383166	0
0.837847	-0.382642	0
0.847067	-0.381995	0
0.856212	-0.381229	0
0.865281	-0.380345	0
0.874272	-0.379344	0
0.883183	-0.378229	0
0.892013	-0.377003	0
0.900759	-0.375666	0
0.909421	-0.374221	0
0.917996	-0.372671	0
0.926483	-0.371018	0
0.934881	-0.369263	0
0.94319	-0.367409	0
0.951407	-0.365459	0
0.959531	-0.363415	0
0.967563	-0.361279	0
0.9755	-0.359053	0
0.983342	-0.35674	0
0.991089	-0.354342	0
0.998739	-0.351861	0
1.00629	-0.3493	0
1.01375	-0.346661	0
1.02111	-0.343947	0
1.02837	-0.341159	0
1.03553	-0.3383	0
1.04259	-0.335372	0
1.04956	-0.332377	0
1.05642	-0.329318	0
1.06319	-0.326197	0
1.06986	-0.323015	0
1.07643	-0.319775	0
1.0829	-0.316479	0
1.08928	-0.313129	0
1.09556	-0.309727	0
1.10173	-0.306275	0
1.10782	-0.302774	0
1.1138	-0.299228	0
1.11969	-0.295636	0
1.12548	-0.292002	0
1.13118	-0.288327	0
1.13678	-0.284613	0
1.14229	-0.280861	0
1.1477	-0.277073	0
1.15303	-0.27325	0
1.15826	-0.269395	0
1.16339	-0.265508	0
1.16844	-0.261592	0
1.17339	-0.257647	0
1.17826	-0.253674	0
1.18304	-0.249676	0
1.18773	-0.245653	0
1.19233	-0.241607	0
1.19685	-0.237539	0
1.20128	-0.23345	0
1.20562	-0.229342	0
1.20988	-0.225214	0
1.21406	-0.221069	0
1.21815	-0.216908	0
1.22217	-0.212731	0
1.2261	-0.208539	0
1.22995	-0.204334	0
1.23372	-0.200115	0
1.23742	-0.195885	0
1.24103	-0.191644	0
1.24457	-0.187392	0
1.24804	-0.18313	0
1.25143	-0.17886	0
1.25474	-0.174582	0
1.25798	-0.170296	0
1.26115	-0.166003	0
1.26424	-0.161704	0
1.26727	-0.157399	0
1.27022	-0.15309	0
1.2731	-0.148776	0
1.27592	-0.144457	0
1.27866	-0.140136	0
1.28134	-0.135811	0
1.28395	-0.131484	0
1.2865	-0.127154	0
1.28898	-0.122823	0
1.2914	-0.11849	0
1.29375	-0.114157	0
1.29604	-0.109823	0
1.29826	-0.105488	0
1.30042	-0.101154	0
1.30253	-0.0968201	0
1.30457	-0.0924867	0
1.30655	-0.0881542	0
1.30847	-0.0838229	0
1.31033	-0.0794929	0
1.31213	-0.0751646	0
1.31388	-0.0708381	0
1.31557	-0.0665137	0
1.3172	-0.0621914	0
1.31878	-0.0578716	0
1.3203	-0.0535544	0
1.32176	-0.0492398	0
1.32317	-0.0449281	0
1.32452	-0.0406195	0
1.32583	-0.0363139	0
1.32707	-0.0320116	0
1.32827	-0.0277126	0
1.32941	-0.0234171	0
1.3305	-0.0191251	0
1.33154	-0.0148366	0
1.33253	-0.0105519	0
1.33346	-0.00627095	0
1.33435	-0.00199379	0
1.33518	0.00227951	0
1.33597	0.0065489	0
1.33671	0.0108143	0
1.33739	0.0150758	0
1.33803	0.0193332	0
1.33862	0.0235866	0
1.33916	0.0278358	0
1.33965	0.0320811	0
1.3401	0.0363221	0
1.34049	0.0405591	0
1.34084	0.044792	0
1.34114	0.0490207	0
1.3414	0.0532453	0
1.34161	0.0574658	0
1.34177	0.0616821	0
1.34188	0.0658944	0
1.34195	0.0701025	0
1.34197	0.0743065	0
1.34195	0.0785065	0
1.34188	0.0827023	0
1.34177	0.0868941	0
1.3416	0.0910819	0
1.3414	0.0952656	0
1.34114	0.0994453	0
1.34084	0.103621	0
1.3405	0.107793	0
1.34011	0.11196	0
1.33968	0.116124	0
1.33919	0.120284	0
1.33867	0.12444	0
1.3381	0.128592	0
1.33748	0.13274	0
1.33682	0.136884	0
1.33611	0.141025	0
1.33535	0.145161	0
1.33455	0.149294	0
1.3337	0.153422	0
1.33281	0.157547	0
1.33187	0.161668	0
1.33089	0.165785	0
1.32986	0.169898	0
1.32878	0.174007	0
1.32766	0.178113	0
1.32648	0.182214	0
1.32527	0.186311	0
1.324	0.190405	0
1.32269	0.194494	0
1.32133	0.198579	0
1.31992	0.20266	0
1.31846	0.206737	0
1.31695	0.21081	0
1.3154	0.214879	0
1.3138	0.218943	0
1.31214	0.223002	0
1.31044	0.227058	0
1.30869	0.231108	0
1.30689	0.235154	0
1.30503	0.239195	0
1.30313	0.243231	0
1.30118	0.247263	0
1.29917	0.251289	0
1.29711	0.255309	0
1.295	0.259325	0
1.29283	0.263335	0
1.29062	0.267338	0
1.28834	0.271336	0
1.28602	0.275328	0
1.28364	0.279314	0
1.2812	0.283293	0
1.27871	0.287265	0
1.27616	0.29123	0
1.27356	0.295188	0
1.2709	0.299139	0
1.26818	0.303081	0
1.2654	0.307015	0
1.26256	0.310941	0
1.25966	0.314859	0
1.25671	0.318767	0
1.25369	0.322665	0
1.25061	0.326554	0
1.24747	0.330433	0
1.24427	0.3343	0
1.241	0.338157	0
1.23767	0.342002	0
1.23428	0.345835	0
1.23082	0.349656	0
1.22729	0.353463	0
1.2237	0.357257	0
1.22004	0.361036	0
1.21632	0.364801	0
1.21252	0.36855	0
1.20865	0.372283	0
1.20472	0.375999	0
1.20071	0.379698	0
1.19663	0.383378	0
1.19248	0.38704	0
1.18826	0.390681	0
1.18396	0.394302	0
1.17959	0.397901	0
1.17514	0.401478	0
1.17062	0.405032	0
1.16602	0.408561	0
1.16134	0.412065	0
1.15658	0.415542	0
1.15175	0.418992	0
1.14683	0.422414	0
1.14184	0.425806	0
1.13676	0.429166	0
1.1316	0.432495	0
1.12635	0.43579	0
1.12102	0.43905	0
1.11561	0.442274	0
1.11012	0.44546	0
1.10453	0.448608	0
1.09886	0.451714	0
1.09311	0.454779	0
1.08726	0.4578	0
1.08133	0.460775	0
1.07531	0.463704	0
1.0692	0.466583	0
1.06299	0.469412	0
1.0567	0.472188	0
1.05032	0.47491	0
1.04384	0.477576	0
1.03728	0.480183	0
1.03062	0.48273	0
1.02387	0.485215	0
1.01702	0.487634	0
1.01009	0.489988	0
1.00306	0.492272	0
0.995937	0.494485	0
0.988721	0.496624	0
0.981413	0.498688	0
0.974012	0.500673	0
0.966518	0.502578	0
0.958932	0.504399	0
0.951253	0.506135	0
0.943483	0.507782	0
0.935623	0.509339	0
0.927671	0.510803	0
0.91963	0.51217	0
0.9115	0.51344	0
0.903282	0.514608	0
0.894976	0.515673	0
0.886585	0.516631	0
0.878109	0.51748	0
0.869549	0.518219	0
0.860907	0.518843	0
0.852185	0.51935	0
0.843383	0.519738	0
0.834505	0.520005	0
0.82555	0.520148	0
0.816523	0.520164	0
0.807423	0.520051	0
0.798255	0.519808	0
0.78902	0.519431	0
0.779719	0.518918	0
0.770357	0.518268	0
0.760935	0.517479	0
0.751456	0.516548	0
0.741923	0.515474	0
0.732339	0.514255	0
0.722706	0.51289	0
0.713027	0.511377	0
0.703307	0.509715	0
0.693547	0.507903	0
0.68375	0.50594	0
0.673922	0.503824	0
0.664063	0.501556	0
0.654178	0.499134	0
0.64427	0.496558	0
0.634343	0.493828	0
0.624399	0.490944	0
0.614443	0.487906	0
0.604477	0.484713	0
0.594504	0.481367	0
0.584529	0.477867	0
0.574554	0.474215	0
0.564582	0.470411	0
0.554617	0.466457	0
0.544661	0.462352	0
0.534718	0.458099	0
0.524791	0.4537	0
0.514882	0.449154	0
0.504994	0.444465	0
0.49513	0.439634	0
0.485293	0.434662	0
0.475484	0.429553	0
0.465707	0.424307	0
0.455963	0.418927	0
0.446254	0.413416	0
0.436583	0.407776	0
0.426951	0.402008	0
0.41736	0.396117	0
0.407811	0.390104	0
0.398307	0.383972	0
0.388847	0.377724	0
0.379434	0.371362	0
0.370069	0.364889	0
0.360752	0.358309	0
0.351484	0.351623	0
0.342266	0.344835	0
0.333098	0.337947	0
0.323981	0.330963	0
0.314915	0.323885	0
0.305899	0.316716	0
0.296936	0.309458	0
0.288023	0.302116	0
0.279161	0.294691	0
0.270349	0.287186	0
0.261588	0.279604	0
0.252877	0.271949	0
0.244214	0.264221	0
0.2356	0.256425	0
0.227034	0.248563	0
0.218514	0.240637	0
0.21004	0.23265	0
0.201611	0.224605	0
0.193226	0.216504	0
0.184883	0.20835	0
0.176581	0.200145	0
0.168319	0.191891	0
0.160096	0.183591	0
0.151909	0.175247	0
0.143759	0.166862	0
0.135642	0.158437	0
0.127558	0.149975	0
0.119504	0.141479	0
0.11148	0.132949	0
0.103484	0.124389	0
0.0955128	0.115801	0
0.0875658	0.107186	0
0.0796409	0.0985471	0
0.0717363	0.0898857	0
0.06385	0.0812041	0
0.0559802	0.0725041	0
0.048125	0.0637878	0
0.0402824	0.0550572	0
0.0324505	0.0463141	0
0.0246273	0.0375605	0
0.0168108	0.0287983	0
0.00899896	0.0200294	0
0.00118984	0.0112558	0
-0.00661859	0.0024794	0
-0.0144284	-0.00629797	0
-0.0222415	-0.0150744	0
-0.03006	-0.0238479	0
-0.0378859	-0.0326165	0
-0.0457212	-0.0413785	0
-0.0535679	-0.0501317	0
-0.0614281	-0.0588742	0
-0.0693036	-0.0676041	0
-0.0771966	-0.0763193	0
-0.0851089	-0.0850179	0
-0.0930424	-0.0936978	0
-0.100999	-0.102357	0
-0.108981	-0.110993	0
-0.11699	-0.119604	0
-0.125028	-0.128188	0
-0.133096	-0.136743	0
-0.141197	-0.145266	0
-0.149332	-0.153755	0
-0.157503	-0.162209	0
-0.165711	-0.170623	0
-0.173958	-0.178997	0
-0.182246	-0.187327	0
-0.190576	-0.195612	0
-0.19895	-0.203848	0
-0.207369	-0.212034	0
-0.215834	-0.220166	0
-0.224346	-0.228242	0
-0.232907	-0.236259	0
-0.241518	-0.244215	0
-0.25018	-0.252106	0
-0.258893	-0.259931	0
-0.267659	-0.267685	0
-0.276477	-0.275366	0
-0.28535	-0.282972	0
-0.294277	-0.290499	0
-0.303258	-0.297944	0
-0.312295	-0.305305	0
-0.321386	-0.312577	0
-0.330533	-0.319759	0
-0.339734	-0.326847	0
-0.348991	-0.333838	0
-0.358302	-0.340729	0
-0.367667	-0.347516	0
-0.377085	-0.354198	0
-0.386556	-0.36077	0
-0.396078	-0.36723	0
-0.405651	-0.373574	0
-0.415273	-0.3798	0
-0.424943	-0.385905	0
-0.434659	-0.391886	0
-0.444421	-0.397739	0
-0.454225	-0.403464	0
-0.46407	-0.409055	0
-0.473954	-0.414512	0
-0.483874	-0.419832	0
-0.493829	-0.425012	0
-0.503816	-0.430049	0
-0.513831	-0.434943	0
-0.523873	-0.43969	0
-0.533939	-0.44429	0
-0.544025	-0.448739	0
-0.554128	-0.453037	0
-0.564245	-0.457183	0
-0.574374	-0.461174	0
-0.584509	-0.46501	0
-0.59465	-0.468689	0
-0.604791	-0.472212	0
-0.614929	-0.475577	0
-0.625061	-0.478784	0
-0.635183	-0.481833	0
-0.645291	-0.484724	0
-0.655383	-0.487456	0
-0.665454	-0.49003	0
-0.675501	-0.492447	0
-0.685521	-0.494707	0
-0.695509	-0.496812	0
-0.705463	-0.498761	0
-0.715379	-0.500556	0
-0.725253	-0.502198	0
-0.735084	-0.503689	0
-0.744867	-0.505031	0
-0.754599	-0.506224	0
-0.764277	-0.507271	0
-0.773899	-0.508174	0
-0.783461	-0.508935	0
-0.792962	-0.509555	0
-0.802398	-0.510038	0
-0.811767	-0.510385	0
-0.821067	-0.510599	0
-0.830295	-0.510683	0
-0.839449	-0.510638	0
-0.848528	-0.510468	0
-0.85753	-0.510175	0
-0.866452	-0.509761	0
-0.875293	-0.50923	0
-0.884053	-0.508585	0
-0.892728	-0.507827	0
-0.901319	-0.50696	0
-0.909824	-0.505986	0
-0.918242	-0.504909	0
-0.926571	-0.50373	0
-0.934812	-0.502453	0
-0.942964	-0.50108	0
-0.951025	-0.499615	0
-0.958995	-0.498059	0
-0.966875	-0.496416	0
-0.974663	-0.494687	0
-0.982359	-0.492876	0
-0.989963	-0.490986	0
-0.997476	-0.489017	0
-1.0049	-0.486974	0
-1.01222	-0.484858	0
-1.01946	-0.482672	0
-1.0266	-0.480418	0
-1.03366	-0.478098	0
-1.04062	-0.475715	0
-1.04749	-0.47327	0
-1.05427	-0.470767	0
-1.06096	-0.468206	0
-1.06756	-0.465589	0
-1.07407	-0.46292	0
-1.08049	-0.460199	0
-1.08683	-0.457429	0
-1.09307	-0.454611	0
-1.09923	-0.451747	0
-1.1053	-0.448839	0
-1.11129	-0.445888	0
-1.11719	-0.442896	0
-1.12301	-0.439864	0
-1.12875	-0.436795	0
-1.1344	-0.433688	0
-1.13997	-0.430547	0
-1.14545	-0.427371	0
-1.15086	-0.424163	0
-1.15619	-0.420924	0
-1.16144	-0.417655	0
-1.16661	-0.414356	0
-1.1717	-0.41103	0
-1.17672	-0.407677	0
-1.18165	-0.404298	0
-1.18652	-0.400895	0
-1.19131	-0.397467	0
-1.19603	-0.394017	0
-1.20067	-0.390546	0
-1.20524	-0.387053	0
-1.20974	-0.38354	0
-1.21417	-0.380008	0
-1.21853	-0.376457	0
-1.22283	-0.372888	0
-1.22705	-0.369302	0
-1.23121	-0.365699	0
-1.23529	-0.362081	0
-1.23932	-0.358447	0
-1.24328	-0.354799	0
-1.24717	-0.351137	0
-1.251	-0.347461	0
-1.25476	-0.343773	0
-1.25847	-0.340072	0
-1.26211	-0.336359	0
-1.26569	-0.332634	0
-1.26921	-0.328899	0
-1.27267	-0.325153	0
-1.27607	-0.321396	0
-1.27942	-0.31763	0
-1.2827	-0.313854	0
-1.28593	-0.310069	0
-1.2891	-0.306275	0
-1.29221	-0.302472	0
-1.29527	-0.298662	0
-1.29827	-0.294843	0
-1.30122	-0.291017	0
-1.30411	-0.287183	0
-1.30695	-0.283342	0
-1.30974	-0.279494	0
-1.31247	-0.27564	0
-1.31516	-0.271778	0
-1.31779	-0.267911	0
-1.32037	-0.264037	0
-1.32289	-0.260157	0
-1.32537	-0.256272	0
-1.3278	-0.25238	0
-1.33018	-0.248483	0
-1.33251	-0.244581	0
-1.33479	-0.240673	0
-1.33702	-0.23676	0
-1.3392	-0.232842	0
-1.34134	-0.228919	0
-1.34343	-0.224991	0
-1.34547	-0.221058	0
-1.34746	-0.21712	0
-1.34941	-0.213178	0
-1.35131	-0.209231	0
-1.35316	-0.205279	0
-1.35497	-0.201323	0
-1.35674	-0.197362	0
-1.35845	-0.193397	0
-1.36013	-0.189427	0
-1.36176	-0.185453	0
-1.36334	-0.181475	0
-1.36488	-0.177492	0
-1.36637	-0.173505	0
-1.36782	-0.169514	0
-1.36923	-0.165518	0
-1.37059	-0.161518	0
-1.37191	-0.157514	0
-1.37318	-0.153506	0
-1.37442	-0.149493	0
-1.3756	-0.145476	0
-1.37675	-0.141455	0
-1.37785	-0.137429	0
-1.37891	-0.133399	0
-1.37992	-0.129365	0
-1.38089	-0.125327	0
-1.38182	-0.121284	0
-1.3827	-0.117237	0
-1.38354	-0.113186	0
-1.38434	-0.10913	0
-1.3851	-0.10507	0
-1.38581	-0.101006	0
-1.38648	-0.0969368	0
-1.3871	-0.0928637	0
-1.38768	-0.0887863	0
-1.38822	-0.0847044	0
-1.38872	-0.0806182	0
-1.38917	-0.0765276	0
-1.38957	-0.0724326	0
-1.38994	-0.0683333	0
-1.39025	-0.0642296	0
-1.39053	-0.0601215	0
-1.39076	-0.056009	0
-1.39095	-0.0518922	0
-1.39109	-0.0477711	0
-1.39118	-0.0436456	0
-1.39123	-0.0395159	0
-1.39124	-0.0353819	0
-1.3912	-0.0312436	0
-1.39111	-0.0271012	0
-1.39098	-0.0229545	0
-1.3908	-0.0188038	0
-1.39058	-0.0146489	0
-1.39031	-0.0104901	0
-1.38999	-0.00632724	0
-1.38963	-0.0021605	0
-1.38921	0.00201007	0
-1.38875	0.00618441	0
-1.38825	0.0103624	0
-1.38769	0.014544	0
-1.38708	0.0187291	0
-1.38643	0.0229176	0
-1.38572	0.0271094	0
-1.38497	0.0313044	0
-1.38416	0.0355024	0
-1.38331	0.0397033	0
-1.3824	0.0439069	0
-1.38144	0.0481132	0
-1.38043	0.0523219	0
-1.37937	0.0565329	0
-1.37826	0.0607461	0
-1.37709	0.0649611	0
-1.37587	0.0691778	0
-1.37459	0.0733961	0
-1.37326	0.0776156	0
-1.37188	0.0818362	0
-1.37044	0.0860576	0
-1.36895	0.0902795	0
-1.36739	0.0945017	0
-1.36579	0.0987239	0
-1.36412	0.102946	0
-1.3624	0.107167	0
-1.36062	0.111387	0
-1.35878	0.115607	0
-1.35688	0.119824	0
-1.35492	0.12404	0
-1.3529	0.128253	0
-1.35082	0.132463	0
-1.34868	0.136671	0
-1.34647	0.140874	0
-1.34421	0.145074	0
-1.34188	0.149269	0
-1.33949	0.153459	0
-1.33703	0.157644	0
-1.33451	0.161823	0
-1.33193	0.165995	0
-1.32927	0.170161	0
-1.32656	0.174319	0
-1.32377	0.178468	0
-1.32092	0.182609	0
-1.318	0.186741	0
-1.31501	0.190862	0
-1.31196	0.194973	0
-1.30883	0.199072	0
-1.30563	0.203159	0
-1.30237	0.207234	0
-1.29903	0.211295	0
-1.29562	0.215342	0
-1.29214	0.219373	0
-1.28858	0.223389	0
-1.28496	0.227388	0
-1.28125	0.231369	0
-1.27748	0.235332	0
-1.27363	0.239276	0
-1.2697	0.2432	0
-1.2657	0.247102	0
-1.26163	0.250982	0
-1.25747	0.25484	0
-1.25324	0.258673	0
-1.24894	0.262481	0
-1.24455	0.266262	0
-1.24009	0.270017	0
-1.23555	0.273743	0
-1.23093	0.27744	0
-1.22623	0.281107	0
-1.22145	0.284741	0
-1.2166	0.288343	0
-1.21166	0.291911	0
-1.20664	0.295443	0
-1.20154	0.298939	0
-1.19637	0.302397	0
-1.19111	0.305816	0
-1.18577	0.309195	0
-1.18035	0.312533	0
-1.17484	0.315827	0
-1.16926	0.319077	0
-1.1636	0.322282	0
-1.15785	0.32544	0
-1.15203	0.328549	0
-1.14612	0.331609	0
-1.14013	0.334617	0
-1.13407	0.337573	0
-1.12792	0.340476	0
-1.12169	0.343322	0
-1.11538	0.346112	0
-1.10899	0.348844	0
-1.10252	0.351516	0
-1.09598	0.354127	0
-1.08935	0.356676	0
-1.08265	0.359161	0
-1.07586	0.36158	0
-1.06901	0.363932	0
-1.06207	0.366216	0
-1.05506	0.36843	0
-1.04797	0.370573	0
-1.04081	0.372644	0
-1.03358	0.37464	0
-1.02627	0.376561	0
-1.01889	0.378406	0
-1.01143	0.380172	0
-1.00391	0.381859	0
-0.99632	0.383465	0
-0.988659	0.384989	0
-0.980931	0.38643	0
-0.973136	0.387786	0
-0.965276	0.389057	0
-0.957351	0.390241	0
-0.949363	0.391336	0
-0.941314	0.392342	0
-0.933204	0.393258	0
-0.925034	0.394083	0
-0.916807	0.394815	0
-0.908523	0.395453	0
-0.900184	0.395998	0
-0.891791	0.396447	0
-0.883345	0.3968	0
-0.874849	0.397056	0
-0.866303	0.397215	0
-0.857709	0.397275	0
-0.849069	0.397237	0
-0.840384	0.397099	0
-0.831656	0.39686	0
-0.822887	0.396521	0
-0.814077	0.396081	0
-0.805229	0.395539	0
-0.796344	0.394896	0
-0.787424	0.39415	0
-0.77847	0.393302	0
-0.769485	0.392352	0
-0.760469	0.391298	0
-0.751425	0.390142	0
-0.742353	0.388884	0
-0.733257	0.387522	0
-0.724137	0.386058	0
-0.714994	0.384492	0
-0.705831	0.382823	0
-0.696649	0.381053	0
-0.68745	0.37918	0
-0.678235	0.377207	0
-0.669006	0.375132	0
-0.659764	0.372958	0
-0.650511	0.370683	0
-0.641248	0.368309	0
-0.631976	0.365837	0
-0.622698	0.363267	0
-0.613414	0.360599	0
-0.604126	0.357836	0
-0.594835	0.354976	0
-0.585542	0.352022	0
-0.576249	0.348974	0
-0.566956	0.345833	0
-0.557666	0.3426	0
-0.548378	0.339276	0
-0.539095	0.335862	0
-0.529817	0.33236	0
-0.520545	0.32877	0
-0.51128	0.325093	0
-0.502023	0.321332	0
-0.492776	0.317486	0
-0.483537	0.313557	0
-0.47431	0.309547	0
-0.465094	0.305456	0
-0.455889	0.301286	0
-0.446698	0.297039	0
-0.437519	0.292715	0
-0.428355	0.288317	0
-0.419205	0.283845	0
-0.410069	0.279301	0
-0.400949	0.274686	0
-0.391844	0.270002	0
-0.382756	0.265249	0
-0.373683	0.260431	0
-0.364627	0.255548	0
-0.355588	0.250601	0
-0.346565	0.245592	0
-0.33756	0.240523	0
-0.328572	0.235394	0
-0.319601	0.230208	0
-0.310647	0.224966	0
-0.30171	0.21967	0
-0.29279	0.21432	0
-0.283887	0.208919	0
-0.275001	0.203469	0
-0.266132	0.197969	0
-0.257279	0.192423	0
-0.248442	0.186831	0
-0.239621	0.181195	0
-0.230816	0.175517	0
-0.222026	0.169797	0
-0.213252	0.164039	0
-0.204491	0.158242	0
-0.195745	0.152409	0
-0.187013	0.146541	0
-0.178293	0.140639	0
-0.169587	0.134706	0
-0.160892	0.128742	0
-0.152209	0.122749	0
-0.143538	0.116728	0
-0.134877	0.110681	0
-0.126225	0.10461	0
-0.117583	0.0985159	0
-0.10895	0.0924	0
-0.100324	0.0862639	0
-0.0917062	0.0801092	0
-0.0830947	0.0739372	0
-0.0744892	0.0677495	0
-0.0658888	0.0615475	0
-0.0572929	0.0553326	0
-0.0487008	0.0491064	0
-0.0401117	0.0428702	0
-0.0315248	0.0366256	0
-0.0229395	0.0303741	0
-0.0143549	0.024117	0
-0.00577027	0.0178558	0
0.00281514	0.011592	0
0.0114021	0.00532714	0
0.0199914	-0.000937414	0
0.0285838	-0.00720016	0
0.0371801	-0.0134596	0
0.045781	-0.0197143	0
0.0543874	-0.0259628	0
0.063	-0.0322035	0
0.0716195	-0.038435	0
0.0802467	-0.0446557	0
0.0888823	-0.0508643	0
0.0975271	-0.0570591	0
0.106182	-0.0632387	0
0.114847	-0.0694015	0
0.123524	-0.0755461	0
0.132213	-0.0816708	0
0.140914	-0.0877742	0
0.149629	-0.0938547	0
0.158357	-0.0999107	0
0.167101	-0.105941	0
0.175859	-0.111943	0
0.184634	-0.117916	0
0.193424	-0.123859	0
0.202232	-0.129769	0
0.211057	-0.135645	0
0.2199	-0.141486	0
0.228761	-0.14729	0
0.237641	-0.153055	0
0.246541	-0.158779	0
0.25546	-0.164461	0
0.264398	-0.1701	0
0.273357	-0.175693	0
0.282337	-0.18124	0
0.291337	-0.186738	0
0.300358	-0.192185	0
0.309401	-0.197581	0
0.318464	-0.202923	0
0.327549	-0.208209	0
0.336655	-0.213439	0
0.345783	-0.21861	0
0.354931	-0.22372	0
0.364101	-0.228769	0
0.373292	-0.233754	0
0.382504	-0.238674	0
0.391737	-0.243527	0
0.40099	-0.248311	0
0.410263	-0.253025	0
0.419555	-0.257667	0
0.428867	-0.262235	0
0.438198	-0.266728	0
0.447547	-0.271145	0
0.456913	-0.275483	0
0.466297	-0.279741	0
0.475696	-0.283918	0
0.485112	-0.288012	0
0.494542	-0.292022	0
0.503986	-0.295945	0
0.513442	-0.299781	0
0.522911	-0.303529	0
0.532391	-0.307186	0
0.541881	-0.310752	0
0.55138	-0.314225	0
0.560887	-0.317603	0
0.5704	-0.320887	0
0.579918	-0.324074	0
0.58944	-0.327163	0
0.598964	-0.330153	0
0.60849	-0.333043	0
0.618016	-0.335833	0
0.627539	-0.338521	0
0.637059	-0.341106	0
0.646575	-0.343587	0
0.656084	-0.345964	0
0.665585	-0.348236	0
0.675076	-0.350402	0
0.684555	-0.352461	0
0.694021	-0.354414	0
0.703472	-0.356259	0
0.712907	-0.357996	0
0.722322	-0.359625	0
0.731718	-0.361145	0
0.741091	-0.362557	0
0.75044	-0.36386	0
0.759763	-0.365054	0
0.769058	-0.366139	0
0.778324	-0.367115	0
0.787558	-0.367982	0
0.796758	-0.36874	0
0.805923	-0.36939	0
0.815051	-0.369932	0
0.82414	-0.370367	0
0.833189	-0.370694	0
0.842194	-0.370915	0
0.851155	-0.371029	0
0.86007	-0.371038	0
0.868937	-0.370943	0
0.877754	-0.370743	0
0.88652	-0.370441	0
0.895233	-0.370036	0
0.903891	-0.369531	0
0.912492	-0.368924	0
0.921036	-0.368219	0
0.92952	-0.367416	0
0.937943	-0.366516	0
0.946304	-0.36552	0
0.954602	-0.36443	0
0.962834	-0.363246	0
0.970999	-0.361971	0
0.979097	-0.360605	0
0.987126	-0.35915	0
0.995085	-0.357608	0
1.00297	-0.355979	0
1.01079	-0.354265	0
1.01853	-0.352469	0
1.0262	-0.35059	0
1.03379	-0.348631	0
1.04131	-0.346594	0
1.04875	-0.34448	0
1.05611	-0.34229	0
1.06339	-0.340026	0
1.0706	-0.337691	0
1.07772	-0.335284	0
1.08477	-0.332809	0
1.09173	-0.330266	0
1.09861	-0.327657	0
1.10541	-0.324984	0
1.11213	-0.322249	0
1.11877	-0.319452	0
1.12532	-0.316596	0
1.13179	-0.313683	0
1.13818	-0.310713	0
1.14449	-0.307689	0
1.15071	-0.304612	0
1.15685	-0.301483	0
1.1629	-0.298304	0
1.16887	-0.295076	0
1.17476	-0.291802	0
1.18057	-0.288482	0
1.18629	-0.285118	0
1.19193	-0.281712	0
1.19748	-0.278264	0
1.20296	-0.274776	0
1.20835	-0.27125	0
1.21365	-0.267687	0
1.21888	-0.264088	0
1.22402	-0.260455	0
1.22909	-0.256788	0
1.23407	-0.25309	0
1.23897	-0.249361	0
1.24379	-0.245602	0
1.24853	-0.241815	0
1.2532	-0.238001	0
1.25778	-0.23416	0
1.26228	-0.230295	0
1.26671	-0.226406	0
1.27106	-0.222494	0
1.27533	-0.21856	0
1.27953	-0.214605	0
1.28365	-0.210631	0
1.28769	-0.206638	0
1.29166	-0.202626	0
1.29555	-0.198598	0
1.29938	-0.194554	0
1.30312	-0.190494	0
1.3068	-0.18642	0
1.3104	-0.182332	0
1.31393	-0.178231	0
1.3174	-0.174118	0
1.32079	-0.169993	0
1.32411	-0.165858	0
1.32736	-0.161713	0
1.33054	-0.157559	0
1.33366	-0.153395	0
1.33671	-0.149224	0
1.33969	-0.145046	0
1.3426	-0.14086	0
1.34545	-0.136668	0
1.34824	-0.132471	0
1.35096	-0.128268	0
1.35361	-0.12406	0
1.35621	-0.119849	0
1.35874	-0.115633	0
1.36121	-0.111414	0
1.36362	-0.107193	0
1.36596	-0.102969	0
1.36825	-0.0987426	0
1.37048	-0.0945148	0
1.37264	-0.0902858	0
1.37475	-0.0860559	0
1.3768	-0.0818254	0
1.3788	-0.0775947	0
1.38073	-0.073364	0
1.38261	-0.0691337	0
1.38444	-0.0649041	0
1.38621	-0.0606755	0
1.38792	-0.056448	0
1.38958	-0.052222	0
1.39118	-0.0479977	0
1.39273	-0.0437752	0
1.39423	-0.039555	0
1.39568	-0.035337	0
1.39707	-0.0311216	0
1.39842	-0.0269089	0
1.39971	-0.0226991	0
1.40095	-0.0184923	0
1.40214	-0.0142887	0
1.40328	-0.0100884	0
1.40437	-0.00589169	0
1.40541	-0.00169854	0
1.4064	0.00249088	0
1.40734	0.00667646	0
1.40824	0.0108581	0
1.40909	0.0150357	0
1.40989	0.0192092	0
1.41064	0.0233784	0
1.41135	0.0275434	0
1.41201	0.031704	0
1.41263	0.0358601	0
1.4132	0.0400118	0
1.41372	0.044159	0
1.4142	0.0483015	0
1.41463	0.0524395	0
1.41502	0.0565727	0
1.41537	0.0607013	0
1.41567	0.0648251	0
1.41593	0.0689442	0
1.41614	0.0730585	0
1.41631	0.077168	0
1.41644	0.0812727	0
1.41652	0.0853726	0
1.41656	0.0894676	0
1.41656	0.0935578	0
1.41652	0.0976432	0
1.41643	0.101724	0
1.4163	0.105799	0
1.41613	0.10987	0
1.41592	0.113936	0
1.41567	0.117997	0
1.41537	0.122054	0
1.41503	0.126105	0
1.41465	0.130152	0
1.41423	0.134194	0
1.41377	0.138231	0
1.41327	0.142263	0
1.41272	0.146291	0
1.41214	0.150314	0
1.41151	0.154332	0
1.41084	0.158345	0
1.41013	0.162354	0
1.40938	0.166358	0
1.40859	0.170357	0
1.40776	0.174352	0
1.40688	0.178342	0
1.40597	0.182327	0
1.40501	0.186308	0
1.40401	0.190283	0
1.40297	0.194255	0
1.40189	0.198221	0
1.40077	0.202183	0
1.3996	0.20614	0
1.3984	0.210092	0
1.39715	0.21404	0
1.39585	0.217983	0
1.39452	0.221921	0
1.39314	0.225854	0
1.39172	0.229782	0
1.39026	0.233706	0
1.38876	0.237625	0
1.38721	0.241538	0
1.38562	0.245447	0
1.38398	0.249351	0
1.3823	0.253249	0
